0.9994782105293476,1.399957347938532e-06,2.1892400390879337e-06,1.6832578960137567e-06,8.923769258774596e-07,6.71822599480255e-06,0.0005088290972155867,3.673303449173924e-10,3.9980710484722813e-10,5.105301130643568e-10,5.727965109546723e-10,6.193481883869876e-10,6.659116904509234e-10,6.970235552476999e-10,9.174857896200905e-10,1.015488548897688e-09,1.1161227448650128e-09,1.1331862405003989e-09,1.3630487727506771e-09,1.3814948161054326e-09,1.4564335332752755e-09,1.5139203942813005e-09,1.6323689305056365e-09,1.7140692963187467e-09,1.7558349200950304e-09,1.7982629152386063e-09,1.8630293079811213e-09,1.9070605424567138e-09,2.284579386528692e-09,2.6595646816237936e-09,3.022828163746779e-09,3.0877766669591845e-09,3.3613440466741453e-09,3.50718835452284e-09,4.296206466537026e-09,4.342975756316292e-09,4.636575241523491e-09,4.84531817301784e-09,5.738300201553605e-09,6.011475173753952e-09
1.381479304965783e-06,0.9999539485607872,4.268768407915156e-07,3.7876252060468313e-07,3.639789002716696e-05,5.765430056993696e-06,1.6181686146697349e-06,3.2743375433124355e-10,3.566844589124713e-10,4.5592788518029573e-10,5.114158715312432e-10,5.527542476177908e-10,5.939825882222447e-10,6.214635200844364e-10,8.148072374224459e-10,8.99951917120379e-10,9.869006177778054e-10,1.0015959421291435e-09,1.1982850206029894e-09,1.2139633335800213e-09,1.2775033461722153e-09,1.3260782394870304e-09,1.425714770778485e-09,1.4940929510868536e-09,1.5289372439570383e-09,1.5642562016493146e-09,1.6180303359357493e-09,1.6544873109633312e-09,1.9638903902963927e-09,2.265652895171497e-09,2.5528087469991066e-09,2.6036219998408446e-09,2.815951393315948e-09,2.9280322466191757e-09,3.5215131314189504e-09,3.5560163587791313e-09,3.7709322936426184e-09,3.922009049378253e-09,4.5526543703608904e-09,4.740647092942929e-09
2.1450587800440296e-06,4.43162687867282e-07,0.999715446421022,0.000278861077304298,3.41174094989167e-07,8.756890095338647e-07,1.800036824988994e-06,4.0252175619575496e-10,4.378939720171431e-10,5.589666239236936e-10,6.273787401765235e-10,6.786746053369832e-10,7.301090727948579e-10,7.645453492218039e-10,1.0100603491214509e-09,1.120095098527273e-09,1.2336408780757408e-09,1.2529499200050282e-09,1.5146029856783176e-09,1.535730587546884e-09,1.621759440215628e-09,1.687968445832951e-09,1.8249738886868635e-09,1.9199342606627296e-09,1.9686271544893912e-09,2.0181975780841892e-09,2.0940604464128186e-09,2.1457750303914624e-09,2.5936817418627594e-09,3.0468292630899405e-09,3.4938636337657695e-09,3.57464332880799e-09,3.917738863467e-09,4.102557882069538e-09,5.125742558657223e-09,5.187668306667541e-09,5.5797643670849915e-09,5.862068331006581e-09,7.103980041181135e-09,7.495398508911159e-09
1.6735864962596657e-06,3.951184734237877e-07,0.00027883149805106334,0.9997165231413745,3.0845237242030655e-07,7.45515394187688e-07,1.4335387522785376e-06,4.076419586135418e-10,4.4344058353697914e-10,5.660419510838858e-10,6.353650924094148e-10,6.873657947614188e-10,7.395253077156103e-10,7.744572140795572e-10,1.023726218586819e-09,1.1355760955591669e-09,1.2510779500435642e-09,1.2707280489101786e-09,1.5372348926594931e-09,1.5587741043180566e-09,1.6465086928010797e-09,1.7140630571704597e-09,1.8539416936842527e-09,1.950963931186119e-09,2.0007368555792345e-09,2.051422918137816e-09,2.129022963457289e-09,2.1819432247528424e-09,2.64099538676888e-09,3.1067176581506253e-09,3.5674407843333957e-09,3.6508306780787556e-09,4.005472620587921e-09,4.196821464314829e-09,5.260040201740805e-09,5.3246024165395065e-09,5.7339590455131346e-09,6.02929336888358e-09,7.334541636776132e-09,7.74796607683003e-09
8.707747291872469e-07,3.6349348091934245e-05,3.2498481001545985e-07,2.9249774550426913e-07,0.9999585491012049,2.3869428906633474e-06,9.858086103769562e-07,3.178158687675016e-10,3.4629288383627897e-10,4.4278874276965153e-10,4.966591493932392e-10,5.367561458925004e-10,5.767166954548927e-10,6.033364169217807e-10,7.902869143013235e-10,8.724283631768041e-10,9.561997914477976e-10,9.703473891235401e-10,1.1594236352677163e-09,1.174471904291017e-09,1.2354250707072147e-09,1.2819860867695789e-09,1.3773953884861914e-09,1.4427989379184838e-09,1.4761037241609448e-09,1.5098455857045041e-09,1.5611891066468832e-09,1.5959767676375533e-09,1.89054922178017e-09,2.1766991026613253e-09,2.4479303796373614e-09,2.4958171857527016e-09,2.695571780736762e-09,2.800787938971967e-09,3.355364546692312e-09,3.3874727154969448e-09,3.5871435622250023e-09,3.72717287549617e-09,4.308800420656976e-09,4.481284400489648e-09
6.720013059351144e-06,5.7287003229992846e-06,8.570826478857836e-07,7.244897356786349e-07,2.4028126285557643e-06,0.9999735735235316,9.918829035239808e-06,3.478389678931736e-10,3.7873525025732675e-10,4.838287994378851e-10,5.427667347884182e-10,5.867560397924578e-10,6.306949388282626e-10,6.600191601280651e-10,8.670961177696987e-10,9.587281038316316e-10,1.052564926022343e-09,1.0684503642538186e-09,1.2817570680186713e-09,1.2988171658830308e-09,1.3680405508701555e-09,1.4210507964222327e-09,1.5300268592041979e-09,1.6050004552713578e-09,1.6432654070207333e-09,1.6820936283846356e-09,1.7412858034644423e-09,1.781470468003843e-09,2.1242051310731528e-09,2.4614409259542538e-09,2.7851294155316925e-09,2.842692850715424e-09,3.0841497295183197e-09,3.212213183455531e-09,3.897302481091983e-09,3.9375022019823495e-09,4.1888301176210646e-09,4.366456048053463e-09,5.1165389828112835e-09,5.342874320445477e-09
0.0005088939514724543,1.6330671865243067e-06,1.817754400406123e-06,1.4304439543745902e-06,1.0068943342286426e-06,9.831155822558198e-06,0.9994753100773784,3.6418781328641093e-10,3.964088754954634e-10,5.062203547503355e-10,5.679472355685821e-10,6.140832824163432e-10,6.602207931529577e-10,6.910423505880844e-10,9.09327112696752e-10,1.006290806445003e-09,1.1058144955974159e-09,1.1226853250611294e-09,1.3498341721957578e-09,1.368052514264122e-09,1.44205137098556e-09,1.4988011297633419e-09,1.615687293511388e-09,1.6962759690881178e-09,1.7374623597611378e-09,1.7792942232935773e-09,1.8431365372874965e-09,1.8865294245512826e-09,2.258252209924566e-09,2.6269019225412303e-09,2.9834787711358458e-09,3.0471747358627023e-09,3.315279860606968e-09,3.45808865571743e-09,4.229224360173632e-09,4.274855717188836e-09,4.561113211853147e-09,4.764430162459883e-09,5.6322780474089e-09,5.897141986555283e-09
1.747736647807568e-09,1.6780385884079694e-09,1.8058009028966016e-09,1.8139582876979955e-09,1.660645724693016e-09,1.7141587790256093e-09,1.742382033372739e-09,0.9999845294273115,1.3741226814131105e-05,4.2704606329225497e-07,2.4540346982416994e-07,1.8186883212980814e-07,1.4259908208653093e-07,1.2415975619019504e-07,5.8903366046388354e-08,4.893441785707555e-08,4.1798221173756814e-08,4.081112979950491e-08,3.098091689123486e-08,3.044072399199341e-08,2.8460424430075904e-08,2.7144778676565593e-08,2.4851533175524156e-08,2.3527934034280478e-08,2.2924681984777924e-08,2.2359462603815007e-08,2.1555435929663562e-08,2.1055578481963608e-08,1.7724794345621195e-08,1.5608743194260837e-08,1.4201053856378478e-08,1.3995125519036193e-08,1.3231387928805502e-08,1.2883688789043154e-08,1.1458702709890362e-08,1.1393835334208858e-08,1.1022352620749415e-08,1.0788881202454377e-08,1.0001485358344371e-08,9.813374113563284e-09
1.7662200389814744e-09,1.6953002767554959e-09,1.825326840645756e-09,1.833632459562652e-09,1.6776076724686675e-09,1.7320496019459533e-09,1.7607704104450297e-09,1.3999861860697067e-05,0.9999837550340267,6.647489005620497e-07,3.4129252200779625e-07,2.4033076538794544e-07,1.8160575001321915e-07,1.5511849792971554e-07,6.748681542817966e-08,5.526460926999829e-08,4.6673071828612406e-08,4.5496482770869565e-08,3.3929678053905796e-08,3.3304075449120545e-08,3.1018910225537033e-08,2.9508116480907925e-08,2.688868939330897e-08,2.5385166117206876e-08,2.4702166251328786e-08,2.4063627399053623e-08,2.3157085805236918e-08,2.2594823364129774e-08,1.8871649193614115e-08,1.6530649640979482e-08,1.4984724260269448e-08,1.475936719284762e-08,1.3925254048317134e-08,1.354644083359542e-08,1.1999830897507695e-08,1.1929675500596233e-08,1.1528332622399198e-08,1.1276444727620865e-08,1.0428969841321438e-08,1.0226990481209317e-08
1.8288411979470647e-09,1.753744782224253e-09,1.891514334964642e-09,1.900327179768719e-09,1.7350278941679094e-09,1.7926446024982777e-09,1.8230666415012862e-09,5.34974526373981e-07,1.2085308852088144e-06,0.9999909666004748,4.027485745340429e-06,1.2381838481319198e-06,6.398061843294827e-07,4.655453482731537e-07,1.16388311442672e-07,8.897069651281716e-08,7.130883332979418e-08,6.900052816588582e-08,4.7592302608865855e-08,4.651323898018605e-08,4.263183200432258e-08,4.0118297041943226e-08,3.585659083841543e-08,3.3466189958513303e-08,3.239490917827923e-08,3.140221359398299e-08,3.0004203267690665e-08,2.914532682340421e-08,2.3599053658498367e-08,2.0251296959997485e-08,1.8102514254901493e-08,1.77934564084396e-08,1.665822563011991e-08,1.6147378033036618e-08,1.4091151160418538e-08,1.3999101511316745e-08,1.3474552567011694e-08,1.3147024135734761e-08,1.205470838650177e-08,1.1796656475159398e-08
1.8617422448174448e-09,1.784444250883442e-09,1.9262950533293572e-09,1.935375210270866e-09,1.7651874199747977e-09,1.8244776920259292e-09,1.8557964202276127e-09,2.4114428880789896e-07,3.920634794493151e-07,5.065844266152608e-06,0.9999810561297292,9.085975560350183e-06,1.9254454591218127e-06,1.1198496919746956e-06,1.6006678169444518e-07,1.171246129073812e-07,9.080412484462194e-08,8.746104746188669e-08,5.745748009820357e-08,5.6008606706660856e-08,5.0842632051871334e-08,4.753651305805089e-08,4.2001191693804195e-08,3.893697910044594e-08,3.7574309234122255e-08,3.631805018680423e-08,3.4556734874142036e-08,3.348049366435831e-08,2.6626043108667104e-08,2.2583021293454033e-08,2.0028351852652546e-08,1.9663637713282372e-08,1.832950506569656e-08,1.7732156259619853e-08,1.534599209490921e-08,1.5239936611646858e-08,1.4636846159811145e-08,1.4261309935213974e-08,1.30147478161734e-08,1.2721642611927764e-08
1.8857029405846364e-09,1.8067959975779947e-09,1.9516295420576757e-09,1.960905073710238e-09,1.7871446037603322e-09,1.8476578948214335e-09,1.879631944969473e-09,1.6085562981942033e-07,2.3674898164212724e-07,1.239413769077943e-06,1.0501926580901097e-05,0.999974585954205,8.828452741007898e-06,3.148350903129318e-06,2.0631364451011051e-07,1.4555800700607993e-07,1.0971891860222078e-07,1.0527265781382463e-07,6.640042435073737e-08,6.458854151704487e-08,5.817323766377438e-08,5.410603930579499e-08,4.7364167063412344e-08,4.367079424493928e-08,4.203840014651409e-08,4.053958260758132e-08,3.8445487675068316e-08,3.7171353604913297e-08,2.9143793401824224e-08,2.4493218508748763e-08,2.1590209289233095e-08,2.1178133522902064e-08,1.9675503658628478e-08,1.9005284242023407e-08,1.6343467173031834e-08,1.6225804893241698e-08,1.5557777015147207e-08,1.514266691469423e-08,1.3769603196748478e-08,1.3447900894373301e-08
1.9091086515321633e-09,1.8286259876016906e-09,1.976380666278509e-09,1.9858475327957196e-09,1.8085881853586659e-09,1.870299236052085e-09,1.902915068951105e-09,1.1698956288612795e-07,1.621822045476075e-07,5.908038796803727e-07,1.8971367323116766e-06,1.032656063372777e-05,0.99995186722302,3.351144420474005e-05,2.690092798780347e-07,1.8272781005043718e-07,1.335759847797194e-07,1.2762652102368647e-07,7.699122069341252e-08,7.471958743817926e-08,6.673477523768839e-08,6.172212504518573e-08,5.349932444490336e-08,4.90437804857325e-08,4.708718560385551e-08,4.52983441699372e-08,4.28080070848081e-08,4.129951307788262e-08,3.1901114084216885e-08,2.6557074334951428e-08,2.3262687085507474e-08,2.2797801053541832e-08,2.1108035000562887e-08,2.035727728015065e-08,1.739296625042666e-08,1.726265740084897e-08,1.6524015536722306e-08,1.6065983145563093e-08,1.4556321445323972e-08,1.4203879858737314e-08
1.9244656523541886e-09,1.842946748593983e-09,1.992622448837544e-09,2.0022151366807236e-09,1.8226548357695708e-09,1.8851535691213785e-09,1.9181914544065545e-09,9.78061462973091e-08,1.3185025548871107e-07,4.1334556300576896e-07,1.0474328957143108e-06,3.156118412137684e-06,3.46688223349633e-05,0.9999587710481052,3.2325927546038026e-07,2.1417845504428755e-07,1.5317109685917465e-07,1.4590835657017372e-07,8.521064678070691e-08,8.25616046212728e-08,7.329736059531958e-08,6.752137979929917e-08,5.811553563378751e-08,5.3058266738956496e-08,5.0847456204984976e-08,4.88322632554293e-08,4.6033789951546724e-08,4.4343909700832735e-08,3.389671817870979e-08,2.8033212038714893e-08,2.44495402205815e-08,2.3945878664851975e-08,2.2119184789569772e-08,2.130974320893872e-08,1.812637763107293e-08,1.798696678736404e-08,1.7197590771253278e-08,1.670878740526983e-08,1.5101575589337098e-08,1.4727267101305772e-08
2.0327386006264674e-09,1.94380008387501e-09,2.1072361850745643e-09,2.1177309142048544e-09,1.921689869420663e-09,1.989826469137276e-09,2.0258869011724327e-09,4.322573147477049e-08,5.3667912636686065e-08,1.1592535778170362e-07,1.965555941446097e-07,3.2066548059779307e-07,6.307849004983312e-07,1.3479348959964437e-06,0.9999888940194064,4.758308882087558e-06,9.885342626901727e-07,8.546049374690328e-07,2.412614692603912e-07,2.2764244780700262e-07,1.841588185267816e-07,1.6004475571330994e-07,1.250660325461227e-07,1.0830299229957427e-07,1.0141682077654782e-07,9.537653959856163e-08,8.727794433962198e-08,8.257675750280931e-08,5.618335377707545e-08,4.342000043631743e-08,3.6297769762132354e-08,3.533685086857152e-08,3.1927285810330765e-08,3.045526937411556e-08,2.4883303112244676e-08,2.4647783183106928e-08,2.33274279531779e-08,2.2520418269162497e-08,1.992406148341249e-08,1.933232293050739e-08
2.0744378018490645e-09,1.9826517790613544e-09,2.1513648255348237e-09,2.162204779480448e-09,1.959842909691041e-09,2.0301448035464435e-09,2.0673646443451663e-09,3.2882570402261855e-08,3.9856124076854975e-08,7.708795216054225e-08,1.1701668427989733e-07,1.6666042024629574e-07,2.503317240578754e-07,3.461226862559491e-07,6.5048546857431876e-06,0.9999822126396317,4.39538388349763e-06,3.303922722517673e-06,4.0214695900098607e-07,3.729059520245097e-07,2.8444121737951596e-07,2.3864486611424536e-07,1.7634310096329394e-07,1.4831742903804016e-07,1.3717590999860414e-07,1.2759430551556986e-07,1.1496927893663116e-07,1.077815534335454e-07,6.91936997553764e-08,5.183807087585134e-08,4.2521268098190356e-08,4.128670842045697e-08,3.6946239317849126e-08,3.5092493189072804e-08,2.8182043099738743e-08,2.789422074553002e-08,2.6287240868278905e-08,2.5310225739215154e-08,2.2193927693562052e-08,2.1489818570448027e-08
2.11587853912654e-09,2.0212468706377353e-09,2.195233937572522e-09,2.2064190374167987e-09,1.9977400330528214e-09,2.0702054330122586e-09,2.108584038913375e-09,2.626226425020162e-08,3.1322389898016855e-08,5.652798893522396e-08,8.061199456231702e-08,1.0742942575833561e-07,1.4699851333487713e-07,1.8545646191848046e-07,1.045108465043585e-06,5.7503041577317e-06,0.9995697059558665,0.0004189091889287422,7.514007382040071e-07,6.802321328580926e-07,4.781933280165616e-07,3.823098328025699e-07,2.619347250427827e-07,2.1198522149311292e-07,1.9294889140089026e-07,1.7698195607077237e-07,1.56370720509773e-07,1.449178195489742e-07,8.665752068937468e-08,6.257169462973056e-08,5.0224137523486115e-08,4.8620643437287354e-08,4.303996535311763e-08,4.0685231930234546e-08,3.205520502220197e-08,3.170156089152638e-08,2.9735773794958734e-08,2.8547398102234232e-08,2.47923861114704e-08,2.3951909995870843e-08
2.1227153208267734e-09,2.0276133721288843e-09,2.2024719803186116e-09,2.2137140955233534e-09,2.0039911747147023e-09,2.0768141475127205e-09,2.1153842457432288e-09,2.5379606738203183e-08,3.020166143958013e-08,5.400349668158441e-08,7.640453421555967e-08,1.0100145328547396e-07,1.3672900008377985e-07,1.7089312189942454e-07,8.713636192434788e-07,3.9974033000188555e-06,0.00041949261249665885,0.9995707406811649,8.463132108387295e-07,7.625316341790211e-07,5.271877337517901e-07,4.173155806493989e-07,2.81541170660155e-07,2.2610292700802913e-07,2.0515046434576668e-07,1.8766196148223864e-07,1.6517452162174442e-07,1.527375510621604e-07,9.011024435370335e-08,6.462704224457337e-08,5.16714652937262e-08,4.99951014043211e-08,4.417129698111267e-08,4.171923002035697e-08,3.275932260806808e-08,3.239321000538174e-08,3.035968413329588e-08,2.9131578046605824e-08,2.5257351584469494e-08,2.4391606666067532e-08
2.211497294461519e-09,2.1102473204868056e-09,2.2964996732565105e-09,2.308487212671534e-09,2.0851171160785893e-09,2.162614584446626e-09,2.203688040479801e-09,1.7411401793912905e-08,2.0278882869207348e-08,3.3376779316026246e-08,4.422516304864388e-08,5.484932477789616e-08,6.848248728138113e-08,8.000376780402758e-08,2.3470570577224862e-07,4.7173596199489994e-07,1.2411057541787032e-06,1.5597277636064628e-06,0.9995100034190446,0.00046871932450893414,9.174974608271225e-06,3.550725030470682e-06,1.2170297429566494e-06,7.576842730718466e-07,6.275749446528421e-07,5.33291769705646e-07,4.254318850522138e-07,3.727870334040205e-07,1.6453924802141438e-07,1.0426270155703927e-07,7.79611065695136e-08,7.47633512869801e-08,6.398456558194672e-08,5.960552839626809e-08,4.4364571105943896e-08,4.37698011451912e-08,4.0505779778623024e-08,3.856496414917646e-08,3.259448858722692e-08,3.12933131651032e-08
2.218113716157489e-09,2.1164058726996133e-09,2.3035063612829815e-09,2.3155493260051387e-09,2.09116329219689e-09,2.169009016294934e-09,2.2102688593386906e-09,1.697206935342023e-08,1.9740345522199184e-08,3.232626172343852e-08,4.267337347002546e-08,5.274144468601067e-08,6.557293603135627e-08,7.634284689125158e-08,2.1800118728270464e-07,4.2407488583008244e-07,1.0379341883876243e-06,1.267736742172811e-06,0.00046963856342634435,0.9995026129580589,1.4624639963747645e-05,4.638320969294393e-06,1.4126408031855016e-06,8.504828990256256e-07,6.967125597744057e-07,5.870702455441937e-07,4.6312009661472306e-07,4.034391692449413e-07,1.728853152084183e-07,1.0832908077553409e-07,8.053350814063495e-08,7.717183657213902e-08,6.586842233649776e-08,6.12897157083257e-08,4.5415860558656474e-08,4.479871195985582e-08,4.141513288741726e-08,3.9405705121127886e-08,3.323646789497877e-08,3.1894650673038294e-08
2.244471737488114e-09,2.140938184756377e-09,2.3314202704521394e-09,2.3436841609334632e-09,2.1152474600939813e-09,2.19448195466125e-09,2.236484962724583e-09,1.539311948602078e-08,1.7813964787585973e-08,2.8636207192905516e-08,3.730107711212869e-08,4.554357193780506e-08,5.5801452237014876e-08,6.420761843788212e-08,1.6737217629859603e-07,2.9459317016762724e-07,5.99634997030339e-07,6.917223020877876e-07,9.716076436339564e-06,1.649744755231187e-05,0.9999202814385252,4.287398062283786e-05,2.921747785340096e-06,1.4613211013257628e-06,1.129667282936474e-06,9.11265488400009e-07,6.78454627452794e-07,5.737122433845881e-07,2.131002893539398e-07,1.270145051933987e-07,9.207165001535808e-08,8.794162606691808e-08,7.420084121872578e-08,6.870420430952527e-08,4.99604556726082e-08,4.9243223853362746e-08,4.532679438336278e-08,4.301296348900061e-08,3.5967947868839216e-08,3.4448316952219954e-08
2.264088602065726e-09,2.159195385469288e-09,2.3521954393908912e-09,2.3646237602649396e-09,2.1331708406638646e-09,2.213439747342698e-09,2.2559961528045725e-09,1.4367281870462836e-08,1.657003883400003e-08,2.6307802560467205e-08,3.397187437066611e-08,4.1158278917178776e-08,4.9969255411874245e-08,5.708100288767095e-08,1.4070795768635767e-07,2.3452477858247997e-07,4.3616092628980224e-07,4.920318712381885e-07,3.6055601357809675e-06,4.794820454880431e-06,4.524610450878817e-05,0.9999303542294855,6.1387793370061566e-06,2.426242009446202e-06,1.761103081279329e-06,1.35728662574825e-06,9.500933072419451e-07,7.791814961526201e-07,2.5201802535493146e-07,1.4391615411831632e-07,1.0216684127864981e-07,9.7324905246916e-08,8.13521989019528e-08,7.502688904914519e-08,5.374027535640128e-08,5.293602063710594e-08,4.855844189213778e-08,4.598273651296661e-08,3.8191197441052565e-08,3.6521442203534435e-08
2.3031870640082884e-09,2.1955783836308475e-09,2.393606507188651e-09,2.406363050858173e-09,2.1688870359154826e-09,2.2512220547136195e-09,2.2948835946629212e-09,1.26428010871995e-08,1.449379345398285e-08,2.2521180369176794e-08,2.8661113114126775e-08,3.428528891650571e-08,4.101784913904171e-08,4.6321456092393164e-08,1.0465536929129635e-07,1.616411075827426e-07,2.672783901872595e-07,2.936272997594516e-07,1.2208053602470918e-06,1.44658350663494e-06,3.363554066391896e-06,8.522100183079044e-06,0.9999489396191996,1.7977312939675916e-05,7.438760876658534e-06,4.525300813624533e-06,2.43086499246735e-06,1.7788853826022958e-06,3.6873561922724326e-07,1.8894217569881973e-07,1.2765630656692086e-07,1.2085875469250202e-07,9.886963597494933e-08,9.036148586888827e-08,6.256488101225704e-08,6.154421819145003e-08,5.602774816492622e-08,5.2811019303102764e-08,4.3217378409857806e-08,4.119037987719328e-08
2.328848212056975e-09,2.2194591991710482e-09,2.420782600170235e-09,2.4337540532659413e-09,2.192330463511495e-09,2.2760205038508996e-09,2.320406443909232e-09,1.1677879250343676e-08,1.3339559957382195e-08,2.0463709688604507e-08,2.5823443956040775e-08,3.0668912044948055e-08,3.639323908277394e-08,4.0842914681380715e-08,8.79859559711322e-08,1.3077006266736835e-07,2.0443964582155748e-07,2.2189505925474277e-07,7.287663670163437e-07,8.279140951716526e-07,1.506322820147959e-06,2.7133473842346805e-06,2.043532928773563e-05,0.9997714339986165,0.000172103539138652,1.8354281692401312e-05,5.851400694637972e-06,3.6365943654995926e-06,4.85454533447878e-07,2.2858368143177887e-07,1.4889394531957272e-07,1.4033484152507307e-07,1.1302360102829278e-07,1.0262822620703886e-07,6.935306460517113e-08,6.815565170054822e-08,6.171516686732757e-08,5.7982739315563756e-08,4.695937573720423e-08,4.465299843581412e-08
2.3416675057274472e-09,2.23138799664297e-09,2.434359470194731e-09,2.447438373182626e-09,2.2040404616687816e-09,2.2884083163052228e-09,2.3331565715864907e-09,1.1243415587690082e-08,1.2821982370151776e-08,1.955429331584804e-08,2.4581626715409256e-08,2.9100181314094287e-08,3.440741533227135e-08,3.8508885316190184e-08,8.126328230853918e-08,1.1886660635582928e-07,1.8173440794804374e-07,1.9632939681964095e-07,5.936773343918787e-07,6.656998372033535e-07,1.1270302020722117e-06,1.8620625256912486e-06,7.800861688763884e-06,0.00017457788521349753,0.9996708482145519,0.00012314496140266952,1.0873586505206493e-05,6.01336187699587e-06,5.644739209478242e-07,2.529502063043345e-07,1.614327814761309e-07,1.5177705906166042e-07,1.2119543581768425e-07,1.09658991498972e-07,7.313681349719194e-08,7.183678225439613e-08,6.486251424460882e-08,6.083403529334339e-08,4.899764389020005e-08,4.653398031154258e-08
2.354529224009791e-09,2.243354682710018e-09,2.4479826155273605e-09,2.461169512825042e-09,2.2157872254215546e-09,2.300836355587431e-09,2.34594877211699e-09,1.0837951182871776e-08,1.234025922412277e-08,1.871587785046373e-08,2.3444122617426585e-08,2.7671261471640714e-08,3.261011278628803e-08,3.640674813835757e-08,7.541369449295907e-08,1.0877629040550697e-07,1.631671771825913e-07,1.7557691105810218e-07,4.971597172407633e-07,5.521217990027946e-07,8.87342435505585e-07,1.3801866321882634e-06,4.6310843189901295e-06,1.8576871443812446e-05,0.00012558506591847621,0.9998062339724895,2.5913635200746644e-05,1.3118491246033854e-05,6.670593031979432e-07,2.818565437148459e-07,1.757925819819244e-07,1.6482547605892033e-07,1.3037713086661367e-07,1.1751037285146695e-07,7.726650300612169e-08,7.585087347404753e-08,6.827756530009727e-08,6.391845389193942e-08,5.118136348560526e-08,4.854485108865788e-08
2.373642112305173e-09,2.2611393113180357e-09,2.468224870833335e-09,2.481571895674958e-09,2.2332453802555107e-09,2.3193057555826207e-09,2.364958517385149e-09,1.0273695144662663e-08,1.1671508348273704e-08,1.7561402443849956e-08,2.1886549003993216e-08,2.5724382740344193e-08,3.017549657449365e-08,3.357207749233216e-08,6.77601056201627e-08,9.587830194027222e-08,1.4015656214752559e-07,1.5002153927106318e-07,3.893204263594845e-07,4.271514411968649e-07,6.437429568379433e-07,9.292178561229641e-07,2.4056933946769962e-06,5.820188492552244e-06,1.110556058780637e-05,2.7901000611108138e-05,0.9997690341790102,0.0001784477207283868,8.640457583188132e-07,3.3249223406876514e-07,2.000827425275701e-07,1.8680833600585315e-07,1.4562694054056886e-07,1.3047377236315373e-07,8.393119733469834e-08,8.232327989333882e-08,7.375743177325109e-08,6.885323855965463e-08,5.4641881469185194e-08,5.172467997302421e-08
2.3863775526304247e-09,2.272988937404265e-09,2.4817133240246986e-09,2.4951671000987344e-09,2.2448772530608302e-09,2.331612079035926e-09,2.377625181176432e-09,9.925969895220275e-09,1.1260559753239855e-08,1.6858869705086693e-08,2.0944852435873932e-08,2.4553891112236634e-08,2.872105272192593e-08,3.1886837238581346e-08,6.336201740903775e-08,8.864943693737066e-08,1.2767900797864796e-07,1.3625643366565787e-07,3.370352818009814e-07,3.6748507601485664e-07,5.363995226916663e-07,7.47338649865696e-07,1.7256422666791445e-06,3.573879969652054e-06,5.985816488174341e-06,1.3464077344255495e-05,0.00017973293247602716,0.9997903754489296,1.045374576392018e-06,3.7384430711085737e-07,2.1905140974905418e-07,2.0388574105452406e-07,1.5726006321812997e-07,1.4028903047446672e-07,8.8837027916069e-08,8.708237845475994e-08,7.776263624956176e-08,7.244697159515909e-08,5.713271110403189e-08,5.400753722550251e-08
2.4895560289961325e-09,2.3689433338164675e-09,2.591030908311831e-09,2.60535478507249e-09,2.3390556585913773e-09,2.4312912550087384e-09,2.4802428188146074e-09,7.771964145704123e-09,8.736892601191123e-09,1.2669204773406578e-08,1.543237800764577e-08,1.7807564384347e-08,2.048052907586934e-08,2.2460479878180457e-08,4.0848048190625134e-08,5.380270994742096e-08,7.183398881674439e-08,7.553400750794058e-08,1.495173080033058e-07,1.5888996585095738e-07,2.052852505425122e-07,2.5314423832164824e-07,4.06608498747131e-07,5.886965607128742e-07,7.30341902132159e-07,9.39956851971719e-07,1.4635825752846294e-06,2.1840026275661285e-06,0.9999883368349501,1.7275167528255509e-06,6.008409928358656e-07,5.322102291318143e-07,3.505060185230687e-07,2.9469500965216414e-07,1.5302861627308998e-07,1.4894942515199334e-07,1.2802798299595593e-07,1.1661180697012003e-07,8.583169737530714e-08,7.994890789490158e-08
2.5778673863242472e-09,2.451089879595537e-09,2.6845671524998146e-09,2.699630300398291e-09,2.4196840878032675e-09,2.516618773770183e-09,2.568076177565304e-09,6.470830236454767e-09,7.229166104582377e-09,1.0255130802982395e-08,1.2325734625901648e-08,1.4074093041638704e-08,1.6010139833855094e-08,1.7422369254334504e-08,2.998911457818097e-08,3.8154561120028614e-08,4.883683555521586e-08,5.0942627284518815e-08,8.930633193652303e-08,9.36854062035296e-08,1.1423767803708604e-07,1.33745196815739e-07,1.8811164838073973e-07,2.416119863438375e-07,2.769180190472687e-07,3.2104221409910937e-07,4.0541044928028454e-07,4.818944696026494e-07,3.7087223680414e-06,0.9999851665025236,3.1823003059703636e-06,2.373052521673843e-06,1.0120712328393155e-06,7.488148254050112e-07,2.747497802652208e-07,2.6474099480189184e-07,2.158976318158962e-07,1.9082462261714672e-07,1.2868641039489028e-07,1.1774934880004312e-07
2.6526310648833467e-09,2.5206533417290357e-09,2.7637269810257272e-09,2.779411178794629e-09,2.487965031178519e-09,2.5888672920572632e-09,2.642437129186139e-09,5.6300249202337695e-09,6.262664817340856e-09,8.74887651430257e-09,1.0418204770195895e-08,1.1810441391253207e-08,1.3335478918711977e-08,1.4436761007193769e-08,2.3967643020005732e-08,2.984752016707189e-08,3.724913683612059e-08,3.8671982099700554e-08,6.317299665176692e-08,6.579715008297247e-08,7.774521220943565e-08,8.857601266871884e-08,1.1667368439963085e-07,1.4200496886348486e-07,1.576494672662856e-07,1.7609789649054572e-07,2.09001294802358e-07,2.361108224673137e-07,7.309692266488056e-07,4.610614469622155e-06,0.9996377236888395,0.0003454001371529556,5.1556134078807096e-06,2.7694327641870214e-06,5.160859443167778e-07,4.901827977585718e-07,3.720599681814155e-07,3.162002730975974e-07,1.9146550396291603e-07,1.7160347919011148e-07
2.665026845867657e-09,2.5321889088511396e-09,2.7768488928113634e-09,2.7926355803313158e-09,2.4992882602159306e-09,2.6008471944232866e-09,2.6547663389430838e-09,5.508445249904672e-09,6.1234541878575905e-09,8.534753100099322e-09,1.0149120445464491e-08,1.1493030561080278e-08,1.2962774150558668e-08,1.402257193081049e-08,2.3157990592913972e-08,2.8752529506814066e-08,3.5757076137176005e-08,3.70988587742144e-08,6.002554909277827e-08,6.245948568336494e-08,7.349650073201007e-08,8.344066141437748e-08,1.0900025519609266e-07,1.3178477207887145e-07,1.4573920134259375e-07,1.620798795751654e-07,1.909964102295766e-07,2.1458716119367542e-07,6.224334696201804e-07,3.0122879755204243e-06,0.00034631343252373856,0.9996345093270395,8.02550273726131e-06,3.7869930002442775e-06,5.82924781900394e-07,5.518686635006589e-07,4.123140296571491e-07,3.4747646014551873e-07,2.0577409201079447e-07,1.8366983828010768e-07
2.7145999894736826e-09,2.578324866920277e-09,2.8293206804222906e-09,2.8455162502284027e-09,2.544575279596581e-09,2.648759040148527e-09,2.7040736036712687e-09,5.0658477576533885e-09,5.61792870506176e-09,7.763656852543696e-09,9.184785214331217e-09,1.035972757886607e-08,1.163712833523948e-08,1.2553323337676224e-08,2.03389091716759e-08,2.4983071586005764e-08,3.0688192279109716e-08,3.1767589283985605e-08,4.9721202038271116e-08,5.156912948927253e-08,5.983282870104992e-08,6.712531308038833e-08,8.529768571193725e-08,1.0090056292290366e-07,1.1019661573184333e-07,1.208359337134975e-07,1.3919176826814593e-07,1.5370258957821844e-07,3.700899422342905e-07,1.0740727212823284e-06,5.593358502366077e-06,9.270103027117237e-06,0.9999143759785171,6.447194965794381e-05,1.0347664463356614e-06,9.620693179910385e-07,6.597506157908612e-07,5.319687404006966e-07,2.8177836328517997e-07,2.4660759465638337e-07
2.739307571675204e-09,2.601323430621201e-09,2.85546749961392e-09,2.8718659122389985e-09,2.567151381484513e-09,2.6726409239302035e-09,2.7286490722463912e-09,4.867461678558005e-09,5.3919676563151435e-09,7.422216782694233e-09,8.760098162444591e-09,9.862698252234638e-09,1.105820790105986e-08,1.191358983462184e-08,1.9136061376776418e-08,2.3394449160230227e-08,2.8582471485089746e-08,2.955873943614553e-08,4.561014473342821e-08,4.724024014514177e-08,5.4486681603995866e-08,6.082541977192573e-08,7.641921041612248e-08,8.960292031849443e-08,9.736971708109031e-08,1.0617725123434958e-07,1.2121806504920252e-07,1.3295980194838741e-07,2.9887858864806406e-07,7.595079329758259e-07,2.822171550860257e-06,3.972569567586787e-06,6.559940319595506e-05,0.999920548083791,1.4677504598404586e-06,1.3467863393211554e-06,8.691661555813584e-07,6.797990896530652e-07,3.3499219160169363e-07,2.896875618136874e-07
2.857146515761223e-09,2.7110281479904968e-09,2.980140113259221e-09,2.997500210678151e-09,2.6748425241115003e-09,2.7865525064358784e-09,2.8458599247327486e-09,4.0896341460848075e-09,4.510146589916183e-09,6.110575971973604e-09,7.143397472614702e-09,7.98352915091625e-09,8.88450763662578e-09,9.522976359672016e-09,1.4781463614375402e-08,1.7748030143800854e-08,2.125369498636708e-08,2.1900590833046902e-08,3.2107460184213154e-08,3.30947889100031e-08,3.739321820368554e-08,4.103932569519652e-08,4.962307643231498e-08,5.651102416038359e-08,6.042124229731668e-08,6.472524688633558e-08,7.184143492365928e-08,7.718170699591184e-08,1.4166079036650593e-07,2.6639290184249553e-07,5.35323718587434e-07,6.180957787928257e-07,1.2389343001104067e-06,2.017827558180229e-06,0.9981455433474089,0.0018267362043082928,1.4672227530823817e-05,5.67418507776417e-06,1.0672148575443823e-06,8.205454262056694e-07
2.863282951512814e-09,2.7167443759919914e-09,2.986628415234079e-09,3.0040379317616474e-09,2.680454535603134e-09,2.7924862578757175e-09,2.851963963506673e-09,4.054724718150231e-09,4.470713583764958e-09,6.052641025659296e-09,7.072493348857118e-09,7.901553086609789e-09,8.790189772300863e-09,9.419626071085107e-09,1.4597607525015669e-08,1.7512879330681246e-08,2.0953256109181787e-08,2.1587558708208634e-08,3.157776669728847e-08,3.254207371200719e-08,3.673648790433579e-08,4.0289629904589124e-08,4.863875349291624e-08,5.532351316203253e-08,5.911244152870309e-08,6.327781980032568e-08,7.015549501075841e-08,7.530843518130963e-08,1.3712764270631106e-07,2.5512335715388495e-07,5.040061485414409e-07,5.792239699876413e-07,1.126821490789736e-06,1.7790595974672625e-06,0.0018270315964456808,0.998139473173019,1.9559363000949354e-05,6.866907394984661e-06,1.1537374588978547e-06,8.782684579262583e-07
2.9001746375304712e-09,2.751112143452023e-09,3.0256317747068643e-09,3.0433377130157693e-09,2.7141959826061598e-09,2.8281607455103553e-09,2.8886611356448332e-09,3.856084053385538e-09,4.246608448138673e-09,5.724759575368673e-09,6.672178061060893e-09,7.439564068757305e-09,8.259607935176797e-09,8.838945340200738e-09,1.3572797608292272e-08,1.6207842064396326e-08,1.929401444367489e-08,1.9860296059939974e-08,2.8691279809283668e-08,2.953366040805808e-08,3.3179610924343025e-08,3.624562870909209e-08,4.3376158431201823e-08,4.901604710759294e-08,5.218557896972374e-08,5.5646724106951535e-08,6.132024884832866e-08,6.553399120136152e-08,1.143893917684915e-07,2.0138830470587464e-07,3.665912989849364e-07,4.1251813866567394e-07,7.072655254226477e-07,9.919612918689193e-07,1.4998564923188613e-05,2.0279229966152397e-05,0.9998869833759909,7.091962587463885e-05,2.0207161799153605e-06,1.4151960960653645e-06
2.92469697745335e-09,2.773963197405719e-09,3.0515500848115974e-09,3.0694517755593525e-09,2.736631879023998e-09,2.8518774579277725e-09,2.9130547799208026e-09,3.732936283804434e-09,4.107893215396891e-09,5.52289693954234e-09,6.426482345646378e-09,7.1566732434747726e-09,7.935466644549927e-09,8.484751780157198e-09,1.2953889341379005e-08,1.5423953572929434e-08,1.8303412634427192e-08,1.883021864205765e-08,2.6996411229089998e-08,2.7769791810662404e-08,3.1107140681125034e-08,3.3901306020547833e-08,4.0359479758528666e-08,4.543030078543499e-08,4.8265493091097934e-08,5.1349135638642545e-08,5.638216393828694e-08,6.010092093140982e-08,1.0236156906760753e-07,1.7464284149780258e-07,3.043781471710043e-07,3.389590091523531e-07,5.486623617593046e-07,7.335542502161866e-07,5.636475706304271e-06,6.84453208926461e-06,7.173794792694735e-05,0.9999077313441601,3.2147173489953892e-06,2.081236271572105e-06
3.016714315718092e-09,2.859743691393252e-09,3.148761562729965e-09,3.1673902929597205e-09,2.8208604149451004e-09,2.940890831813961e-09,3.00459250631917e-09,3.327842235407871e-09,3.6528650993470945e-09,4.867010826191232e-09,5.6325462814323405e-09,6.246299933381369e-09,6.896608580772022e-09,7.352701007472296e-09,1.1010126823597661e-08,1.2984448092297848e-08,1.5251487244454097e-08,1.566238915903438e-08,2.1913554888358673e-08,2.249237633521067e-08,2.4967366858344422e-08,2.7011662810803196e-08,3.16483460089949e-08,3.520901122480378e-08,3.7169115551993565e-08,3.927530659520001e-08,4.266898414704197e-08,4.513784317175965e-08,7.160994664694261e-08,1.1188810906382845e-07,1.7410280440586352e-07,1.89028237217798e-07,2.6929367989093324e-07,3.283415486452483e-07,1.058722782664328e-06,1.1523152875736391e-06,2.1306349687214114e-06,3.6387660090741396e-06,0.9998925397667484,9.789385806575024e-05
3.041171949564656e-09,2.8825568050052743e-09,3.1745839619609204e-09,3.1934033085960956e-09,2.843263454714727e-09,2.964557154113885e-09,3.0289238872243414e-09,3.2327011895528695e-09,3.546277598064697e-09,4.714751088768779e-09,5.449196258660578e-09,6.036879961158064e-09,6.658559235410322e-09,7.09397310832443e-09,1.0573130264168643e-08,1.2440592552961317e-08,1.4577314097125956e-08,1.4963754665959503e-08,2.0817657661362718e-08,2.1356922184728888e-08,2.3658066063416897e-08,2.555304287467124e-08,2.9833181214254636e-08,3.310402488815057e-08,3.489841843398207e-08,3.682142276081054e-08,3.99112745115955e-08,4.215150281377429e-08,6.587572514428835e-08,1.0108156240331264e-07,1.538255197786934e-07,1.6622046876598422e-07,2.315161975412779e-07,2.781715229486141e-07,7.982436228892642e-07,8.588484462693098e-07,1.4362952653451814e-06,2.20293839603642e-06,9.810878190982881e-05,0.9998951793429677
