0.999999297542451,4.0491730134659795e-07,2.46031573113063e-08,1.8167039857511343e-08,1.553614970827429e-08,1.4566631771632581e-08,1.18083890951418e-08,1.1464592004630082e-08,9.49493646426486e-09,9.392212556705268e-09,9.10153212620268e-09,8.095675179869603e-09,7.95891375747676e-09,7.764148042397817e-09,7.580493522543664e-09,7.2415396345994745e-09,7.037568072739855e-09,6.9405256422410674e-09,6.893532068085394e-09,6.847138034353899e-09,6.712992515391685e-09,6.6268238280028104e-09,6.503349513104408e-09,6.347174141783321e-09,6.30990211578849e-09,5.795915997022915e-09,5.706767592259343e-09,5.677829822077274e-09,5.458573951493839e-09,5.432727437484222e-09,5.283730079553676e-09,5.21298682710013e-09,5.0138355994503045e-09,4.911398397825671e-09,4.683766273857051e-09,4.547010426692751e-09,4.185222023459067e-09,4.1718221571478054e-09,4.119338681405516e-09,4.0937320201785366e-09
5.841342330130353e-07,0.9999990572956601,3.4720267760314705e-08,2.4324848556154695e-08,2.0252032061568114e-08,1.8785486975867987e-08,1.4697029821136748e-08,1.4204455238836297e-08,1.1433289634393393e-08,1.1292523440129758e-08,1.0895946123073234e-08,9.540915355839946e-09,9.359449318485323e-09,9.102040281476474e-09,8.86041787568448e-09,8.417276816517358e-09,8.152542960251987e-09,8.027075650704212e-09,7.966444001722945e-09,7.906652833852753e-09,7.734204147034173e-09,7.623747433896508e-09,7.465945476377635e-09,7.267104552336914e-09,7.219787117970137e-09,6.5718911082079255e-09,6.4605481855818364e-09,6.424469529096959e-09,6.152105634475548e-09,6.120118596160653e-09,5.9362064664890355e-09,5.849177558901689e-09,5.60518498956448e-09,5.4802758148480594e-09,5.204110445734593e-09,5.0391844699670065e-09,4.60629379195547e-09,4.590362605475738e-09,4.528034163478439e-09,4.497664220197024e-09
3.104164683401053e-08,3.673621474288605e-07,0.9999985279844272,2.987814028958204e-07,1.3380914791225423e-07,1.036475249441758e-07,5.082676903558156e-08,4.6879750225253966e-08,2.9083172066526697e-08,2.8381544622440056e-08,2.6478780327004485e-08,2.0656796299123004e-08,1.996290900687517e-08,1.900739174197029e-08,1.8140072526840612e-08,1.6619467897124763e-08,1.575486818427577e-08,1.535570457278086e-08,1.5165393925017514e-08,1.4979138039346546e-08,1.4450562469344203e-08,1.4118247616022115e-08,1.3652362893290487e-08,1.3079123969505157e-08,1.2945082505167713e-08,1.1188333258830198e-08,1.0902335542475667e-08,1.0810592836859626e-08,1.0132230925380307e-08,1.0054220133137038e-08,9.612150102351319e-09,9.406774549895161e-09,8.843610603489296e-09,8.562501009511197e-09,7.957301770133684e-09,7.606786621490691e-09,6.722548882284627e-09,6.691020099701921e-09,6.568335981967342e-09,6.508938649529956e-09
1.3455853507142406e-08,3.72752541319716e-08,8.476976438811988e-07,0.9999968717545163,9.388375604610427e-07,4.6864655339053687e-07,1.1080900374249902e-07,9.780485096338591e-08,4.834264528671096e-08,4.677006061843244e-08,4.260925697913974e-08,3.0693887229060014e-08,2.937859590873e-08,2.759834552569707e-08,2.6013223203580035e-08,2.3303506612118483e-08,2.1805922298758842e-08,2.1124397675766394e-08,2.080195090692186e-08,2.0487627211730677e-08,1.9603522971576564e-08,1.905319143765217e-08,1.8289611668891286e-08,1.7361873186164567e-08,1.7147020665177542e-08,1.4391745562837975e-08,1.3956008368742926e-08,1.3816950584876675e-08,1.2799378705008004e-08,1.2683605421916922e-08,1.2032234683626961e-08,1.1732372845813236e-08,1.0918985229074305e-08,1.0517988940565133e-08,9.665553583573105e-09,9.179183201072744e-09,7.974668630559773e-09,7.932366155684593e-09,7.768177336515009e-09,7.688921601564045e-09
9.099584473419597e-09,2.0747653673036174e-08,1.602402763101483e-07,1.6168876132260265e-06,0.9999889877281458,8.018754701882013e-06,2.1587094555988703e-07,1.8202995989029484e-07,7.129818333762002e-08,6.846174975281661e-08,6.110030453446154e-08,4.107579114664465e-08,3.900395719603942e-08,3.6236675002724304e-08,3.380903110188561e-08,2.9739433240875357e-08,2.753987461710065e-08,2.654977306526884e-08,2.608412595040281e-08,2.563153473297747e-08,2.436718955558595e-08,2.358600863810229e-08,2.2510657302082123e-08,2.121639185128688e-08,2.0918849813026317e-08,1.7163605070480037e-08,1.6582602634884234e-08,1.6397890493594686e-08,1.5056429314558374e-08,1.4905002814261564e-08,1.4057470995272919e-08,1.3669888248487251e-08,1.2626730064437318e-08,1.2117056516569305e-08,1.1043345779107068e-08,1.043724240900941e-08,8.955651792004918e-09,8.904182773230187e-09,8.704774735022104e-09,8.608720660244285e-09
7.776738816200691e-09,1.671033812666452e-08,1.0400442116311033e-07,5.660759791330081e-07,8.70400487508025e-06,0.9999891365132996,3.108223161227115e-07,2.5620108024114904e-07,8.732036205494097e-08,8.348905227501016e-08,7.364474207966277e-08,4.7613041758319786e-08,4.5015985174579436e-08,4.157113029022093e-08,3.857252951978506e-08,3.359701889103672e-08,3.0939192945605717e-08,2.974962478346854e-08,2.9191926150887402e-08,2.8650678075642146e-08,2.7144042683116165e-08,2.621673278452683e-08,2.494545249748771e-08,2.3422771619034638e-08,2.30740365671528e-08,1.8708822561113083e-08,1.8041058242663704e-08,1.7829174358194265e-08,1.629626324140196e-08,1.612391447734536e-08,1.5161820988574107e-08,1.4723329394954084e-08,1.3547741650137454e-08,1.2975958426964146e-08,1.1776837428324699e-08,1.1103526840521053e-08,9.468228509038595e-09,9.411727454322444e-09,9.193016698781578e-09,9.087774444133619e-09
5.0149723597947755e-09,9.570147989445288e-09,4.2414373502018595e-08,1.2143559926544255e-07,3.6145124133154786e-07,9.797681787025339e-07,0.9999628179664578,3.39576538067429e-05,2.4858702732483035e-07,2.304687577958478e-07,1.8723351914602848e-07,9.347411513128372e-08,8.61426051842081e-08,7.682422462093298e-08,6.908726107249788e-08,5.6996824085914546e-08,5.095054228129368e-08,4.832965582755999e-08,4.7121361956686975e-08,4.595852438025269e-08,4.278192773672588e-08,4.086675819048111e-08,3.829618617357296e-08,3.5293531960865914e-08,3.461877876792409e-08,2.651376712523678e-08,2.534063453930269e-08,2.4971830353502516e-08,2.2351717880409635e-08,2.2062610250181102e-08,2.046827675037542e-08,1.975279494148671e-08,1.786835622265706e-08,1.6970261290062528e-08,1.512426843049447e-08,1.4111777131321612e-08,1.1719835583796854e-08,1.1639072189268659e-08,1.132760563906539e-08,1.1178382026625018e-08
4.694342023743502e-09,8.826618773059104e-09,3.7373882365962785e-08,9.965027312096928e-08,2.5484692498113033e-07,5.233676523212829e-07,3.449378864157627e-05,0.9999626457845308,3.012601907545545e-07,2.7797859521719337e-07,2.2272129040072522e-07,1.0560721589681588e-07,9.685465562358847e-08,8.580572725085641e-08,7.67042702821971e-08,6.262642046557384e-08,5.5668783588253914e-08,5.2669700673074977e-08,5.129121221690589e-08,4.996643779644169e-08,4.635950552736122e-08,4.419255768252459e-08,4.1294933961274784e-08,3.7924863247764605e-08,3.7170101158924355e-08,2.8168127856319643e-08,2.687807002699725e-08,2.64731580963864e-08,2.3605536402803124e-08,2.3290155287971874e-08,2.1554590940058018e-08,2.0777812947497903e-08,1.8738170847003513e-08,1.7769520081915096e-08,1.5785319745104134e-08,1.470141107727088e-08,1.2152695436022202e-08,1.206698130605016e-08,1.1736628231731679e-08,1.1578472030561747e-08
3.2158571475900895e-09,5.648408445752024e-09,1.9730044227526e-08,4.119177650551548e-08,7.524281945170871e-08,1.0645539266160174e-07,4.706054245133183e-07,8.167876427695017e-07,0.9997618814460392,0.00022587380232120762,8.032176445806747e-06,4.0561845611175765e-07,3.4098585230815326e-07,2.695259862972457e-07,2.1876605155827848e-07,1.5327124528091394e-07,1.2633930206471818e-07,1.1561271231639565e-07,1.1087998783919817e-07,1.0642210933662334e-07,9.480575751319993e-08,8.815187469792353e-08,7.966596739529251e-08,7.032202247948027e-08,6.831327023320222e-08,4.624360920186229e-08,4.340948749685409e-08,4.253495809762589e-08,3.6538555057648196e-08,3.5900757090957955e-08,3.2463678233575306e-08,3.0965516534781536e-08,2.7146461597811563e-08,2.539252458619963e-08,2.1912735537728812e-08,2.0080773362234358e-08,1.594973948165857e-08,1.5815546905228027e-08,1.5301150788655027e-08,1.505643854588595e-08
3.1419144847678815e-09,5.498115282150773e-09,1.89958113259341e-08,3.914447035488079e-08,7.035566567397137e-08,9.826308031400423e-08,3.948808243704529e-07,6.347577261177584e-07,0.00022617398529771725,0.9997532717862113,1.6418321132130827e-05,4.522941542114359e-07,3.7722224856440345e-07,2.950230203834517e-07,2.373390225290604e-07,1.640169858524675e-07,1.3432550000221094e-07,1.2257326433905178e-07,1.1740518919884003e-07,1.1254450770970084e-07,9.992181607994273e-08,9.271765825326076e-08,8.356391034957445e-08,7.352608617279059e-08,7.137490923293225e-08,4.788679337570114e-08,4.489584300116841e-08,4.3974088845086984e-08,3.766855140229236e-08,3.6999517353126926e-08,3.3399517482543324e-08,3.18333367052036e-08,2.784923731586775e-08,2.6023875229683597e-08,2.2410513121524996e-08,2.0513127370757128e-08,1.6246790723493836e-08,1.6108539466077928e-08,1.5578781751892327e-08,1.532687128031647e-08
2.937867125545469e-09,5.088571680649306e-09,1.7059593867109178e-08,3.3957024403978036e-08,5.8569513439757954e-08,7.92808359630174e-08,2.6086546447997836e-07,3.6849980111540545e-07,8.40399216654742e-06,1.70224651812691e-05,0.9999701244292488,6.423034966829612e-07,5.226827399269753e-07,3.948050083523043e-07,3.0819668375147567e-07,2.0344580280617198e-07,1.6312232408177707e-07,1.4745720848997527e-07,1.406413359267157e-07,1.3426204962302683e-07,1.1787887038208833e-07,1.0863907205696926e-07,9.703972973525376e-08,8.449131506903623e-08,8.1830002287204e-08,5.333393169827989e-08,4.980312467156968e-08,4.871931453423272e-08,4.1360374426722766e-08,4.058564719075714e-08,3.64368087546457e-08,3.464272633219733e-08,3.010900378949878e-08,2.8047374499061145e-08,2.3994893344041655e-08,2.1884120934561902e-08,1.718005982043694e-08,1.7028771188261983e-08,1.644972218274903e-08,1.6174741021731452e-08
2.321557676001514e-09,3.898078427291903e-09,1.1955627003543686e-08,2.1670170607768893e-08,3.3783311806436956e-08,4.2671429036158606e-08,1.0015247748334415e-07,1.217526964180885e-07,5.680945277805373e-07,6.865203455714902e-07,1.3959240333871327e-06,0.999922778793859,6.138671375867482e-05,6.331401799098014e-06,2.282955594636536e-06,7.693323304402591e-07,5.064509346836255e-07,4.21413839801478e-07,3.878418080950945e-07,3.5783149028432395e-07,2.875843652131562e-07,2.5172327982216625e-07,2.1070911071618286e-07,1.7064497846400505e-07,1.627655401121177e-07,8.853353483654457e-08,8.08037824077479e-08,7.848583005001491e-08,6.339912363181554e-08,6.187912368093417e-08,5.394882725060542e-08,5.063008406946534e-08,4.253458911439227e-08,3.899574721536549e-08,3.228556727683187e-08,2.893076258236936e-08,2.1775446961430217e-08,2.1553539263115705e-08,2.070879317914228e-08,2.0310161700086806e-08
2.240957481619228e-09,3.746824644459648e-09,1.1349909691932119e-08,2.0318978876184957e-08,3.1273912172943625e-08,3.917339607409499e-08,8.857579644778225e-08,1.0629946720447357e-07,4.3075818976132213e-07,5.057217917126942e-07,9.052953270667552e-07,6.264106271377135e-05,0.9999061471064694,1.9477048432091718e-05,4.452337732928925e-06,1.0451694867448685e-06,6.428334992295958e-07,5.223492608735785e-07,4.761515461631214e-07,4.3537225803434634e-07,3.421985916260087e-07,2.957928536126021e-07,2.438741638379134e-07,1.9430494887184335e-07,1.8471948349926462e-07,9.675356817265697e-08,8.791554077277975e-08,8.527683357842311e-08,6.823474635981794e-08,6.65316488588942e-08,5.7688075712747045e-08,5.400920182369074e-08,4.5091493922249094e-08,4.1220759672493796e-08,3.3927637633294584e-08,3.030741123823456e-08,2.2643939017090562e-08,2.240775975406037e-08,2.150952676807014e-08,2.1086111201916928e-08
2.1292084196542475e-09,3.5390032771590002e-09,1.0536361184457794e-08,1.8545785045672685e-08,2.8058203881294173e-08,3.47598127493197e-08,7.49370369380019e-08,8.854136246929617e-08,3.061857853801676e-07,3.4907688891444977e-07,5.503092214743945e-07,6.52449439973038e-06,2.1504254917124213e-05,0.9999350033475837,2.8241305791420363e-05,1.8164482115891986e-06,9.659872345165866e-07,7.494463549575895e-07,6.708998229256078e-07,6.03229669315776e-07,4.5527357203137295e-07,3.84790458836405e-07,3.0890475659817653e-07,2.392632577957024e-07,2.2618931143533163e-07,1.1116266349907956e-07,1.0027552180112732e-07,9.704802841687644e-08,7.646263918563279e-08,7.44325649574406e-08,6.397110565838199e-08,5.966063619023723e-08,4.931662178039425e-08,4.487696398179087e-08,3.6595135073005635e-08,3.2530383571620364e-08,2.4026262968329776e-08,2.376675136638941e-08,2.278117550707937e-08,2.231735678419896e-08
2.02717113443968e-09,3.351137602932665e-09,9.819107083888976e-09,1.7021224516677405e-08,2.536271997812865e-08,3.112007681722459e-08,6.44431618447642e-08,7.520102619883982e-08,2.3119324101701588e-07,2.585589600023998e-07,3.7670812939193456e-07,2.2783601944465413e-06,4.479630586165432e-06,3.053508996377593e-05,0.9999502845354434,3.6944851792222306e-06,1.570379587119508e-06,1.1381318659640127e-06,9.933997143735209e-07,8.733246725296819e-07,6.254313578147014e-07,5.14014677448994e-07,3.995868011502786e-07,2.994444626336528e-07,2.813071444342679e-07,1.285975824275527e-07,1.1507205425665941e-07,1.1109301973524919e-07,8.605451095546388e-08,8.36208931560582e-08,7.118187262636365e-08,6.610863547016721e-08,5.4065176277994147e-08,4.895753263522607e-08,3.9529965268149696e-08,3.4958048191809906e-08,2.5509334035940363e-08,2.5223971859201835e-08,2.414179772860149e-08,2.3633388559092407e-08
1.8479024585211493e-09,3.0256737977954288e-09,8.619596322146096e-09,1.4556054998380393e-08,2.114618927677687e-08,2.5542853376372147e-08,4.963705801026373e-08,5.686588754137189e-08,1.4891235229087994e-07,1.62759608830745e-07,2.1749565175708348e-07,7.960833578701958e-07,1.1176711209798847e-06,2.1187464409126116e-06,5.857067924362438e-06,0.9999578764230718,1.4029024395275607e-05,5.1922083840065e-06,3.7887727720078913e-06,2.872389404906066e-06,1.5552045158082614e-06,1.1267296339315977e-06,7.708219552051288e-07,5.154556206615833e-07,4.749888811861754e-07,1.7796943410505695e-07,1.5608880783409675e-07,1.497720424670385e-07,1.1130018110025677e-07,1.076909129786129e-07,8.959887273786297e-08,8.239781436707541e-08,6.572948639646977e-08,5.8854431578208116e-08,4.6468291506907145e-08,4.062223953245793e-08,2.886520119934634e-08,2.8518139075317222e-08,2.7206194465711633e-08,2.659212596028108e-08
1.7436108210714504e-09,2.838916213971358e-09,7.954088377559013e-09,1.3231125726504432e-08,1.8948887781737414e-08,2.2691429252528042e-08,4.260089881686253e-08,4.83464443938673e-08,1.1700511261426903e-07,1.265774628994914e-07,1.6301739584367614e-07,4.981668425915504e-07,6.499060747251135e-07,1.0262110204579869e-06,1.8064752667879959e-06,1.6732314259992102e-05,0.9998675664236579,6.754033073709261e-05,2.1545548199317258e-05,1.1083796999161152e-05,4.134214906296754e-06,2.455885540073467e-06,1.4134540823037104e-06,8.15372230177474e-07,7.339525893059634e-07,2.262371137034697e-07,1.9516587524988947e-07,1.863329882808935e-07,1.3391248215489158e-07,1.2913131209118274e-07,1.0552707289506874e-07,9.630982920162457e-08,7.53782790677149e-08,6.692529867247695e-08,5.1966912956379167e-08,4.504664283300995e-08,3.140031939603652e-08,3.100403410924343e-08,2.9509464422849355e-08,2.8811783335880414e-08
1.6953293474307313e-09,2.7530723639290484e-09,7.653427300325613e-09,1.264220310651196e-08,1.7987154733221663e-08,2.1455133109019425e-08,3.9657964466195465e-08,4.482090909788334e-08,1.0487184495719168e-07,1.1297011221405677e-07,1.433067368368515e-07,4.0513392226548576e-07,5.146459839648371e-07,7.700447933903651e-07,1.2342015994666435e-06,5.353200764591879e-06,7.059574030102221e-05,0.9995980478867607,0.0002534354011478198,5.1490780649862465e-05,7.970424599643022e-06,4.0498669832751275e-06,2.0500373381005208e-06,1.0602283487400306e-06,9.384500501750701e-07,2.5657157596187184e-07,2.1935080297418963e-07,2.0885376927909035e-07,1.4738456216231292e-07,1.4186167069434e-07,1.1481361696734569e-07,1.0435747049087358e-07,8.08498120746517e-08,7.146156435867984e-08,5.500324050494684e-08,4.7467959592500885e-08,3.2759340163406716e-08,3.233583158181315e-08,3.074045531641364e-08,2.999673075034952e-08
1.6721010446568005e-09,2.7119337768819324e-09,7.510784061659657e-09,1.2365280900562649e-08,1.753867777953273e-08,2.0881493452774876e-08,3.8318172850966834e-08,4.3224297756519035e-08,9.959999046708399e-08,1.0708925381499813e-07,1.3494698385652976e-07,3.689639040979405e-07,4.636749415870164e-07,6.796180406025092e-07,1.0551428864551872e-06,3.802535958299549e-06,2.1551316738868366e-05,0.00025802799094220576,0.9992582346391515,0.00043056409293133383,1.2639503797360662e-05,5.591780419292542e-06,2.5698356951024295e-06,1.2324774577890598e-06,1.0787575204501156e-06,2.742000195235726e-07,2.3325567104008433e-07,2.2175986889089381e-07,1.54934684598365e-07,1.4898021167170734e-07,1.1994523818238564e-07,1.0878197014806205e-07,8.382054461426039e-08,7.391080341122863e-08,5.6624695452147846e-08,4.8753892970899756e-08,3.3472136624589907e-08,3.303407882505464e-08,3.138490042749787e-08,3.061663223511636e-08
1.6494300397400566e-09,2.671866635873534e-09,7.372541818689636e-09,1.2098132174936313e-08,1.710789546835764e-08,2.0331928950178025e-08,3.704684412510349e-08,4.171343092839132e-08,9.471357888114285e-08,1.0165308632643378e-07,1.2729279683507978e-07,3.3712322812271215e-07,4.194034985436763e-07,6.032026886055267e-07,9.115879502727052e-07,2.8453289648932192e-06,1.1251598256473469e-05,5.007147759736911e-05,0.00043424453173688556,0.9994659915159712,1.7531525282042495e-05,7.6179434927635334e-06,3.2764259430335445e-06,1.4463595553247314e-06,1.2496916636622252e-06,2.932655894552365e-07,2.482072369284045e-07,2.356136236795306e-07,1.6293986024463934e-07,1.5651839839416275e-07,1.2534359689153993e-07,1.1342355445096919e-07,8.691502717991014e-08,7.645425720412968e-08,5.8298274127199776e-08,5.007713313857052e-08,3.420051763150618e-08,3.374744649766496e-08,3.2042778860871255e-08,3.12492163644525e-08
1.5846738988629928e-09,2.5579601466809504e-09,6.9842201238139216e-09,1.1355551172462466e-08,1.5921974990021426e-08,1.8827661149555353e-08,3.364099878329873e-08,3.7689219091959185e-08,8.226296214562207e-08,8.787688140860898e-08,1.0826078346667203e-07,2.643914008255836e-07,3.208897107065161e-07,4.4118903044143167e-07,6.282889782017513e-07,1.514472905470408e-06,4.127522627527125e-06,8.247122962021122e-06,1.3612454545644223e-05,1.9635503663649406e-05,0.9998689882783918,6.559087824184206e-05,9.375829405042504e-06,2.650859559042941e-06,2.154019665047776e-06,3.6422919227403915e-07,3.0295811357301386e-07,2.860904239725058e-07,1.9112744790117338e-07,1.8297131979301538e-07,1.439525159986099e-07,1.2930442817580195e-07,9.730887878322803e-08,8.492819175340332e-08,6.378589923174603e-08,5.438207179942369e-08,3.6528606051529067e-08,3.602631798455252e-08,3.414007037710307e-08,3.326391679205356e-08
1.5439731491741691e-09,2.48673305899645e-09,6.744376042502699e-09,1.0901950537244151e-08,1.5204939097955334e-08,1.7923693382353763e-08,3.1639490077851884e-08,3.5338696492993046e-08,7.531413794387253e-08,8.023178454607855e-08,9.790579865714804e-08,2.2806027845838416e-07,2.7295396716853336e-07,3.6594132483078473e-07,5.050136532950671e-07,1.0850639451100903e-06,2.4079456161290833e-06,4.051033190576595e-06,5.696953610347095e-06,7.963842613096484e-06,6.835464879601278e-05,0.9998753584808349,2.3327124989420522e-05,4.370138526295596e-06,3.354070700838459e-06,4.233871257799587e-07,3.478868456074123e-07,3.273100167705741e-07,2.133430385002805e-07,2.037454707127051e-07,1.5829289200524986e-07,1.4144499184085424e-07,1.0509702211969247e-07,9.122203053874044e-08,6.779079596672213e-08,5.749698439426646e-08,3.818051522235393e-08,3.764235471597589e-08,3.562403339441814e-08,3.4687955176887473e-08
1.4863927638138494e-09,2.386516389120189e-09,6.411592632036345e-09,1.0280026667655806e-08,1.4232356452287136e-08,1.6705272027227312e-08,2.9004289897382457e-08,3.226270060365913e-08,6.662534799133379e-08,7.072378959115068e-08,8.526312819668423e-08,1.872909000395241e-07,2.2047175367189893e-07,2.8701680129895665e-07,3.8243738172117947e-07,7.343994348098224e-07,1.3666024274379935e-06,2.0093681178287252e-06,2.5445369638186394e-06,3.287394441048928e-06,9.808111126032746e-06,2.6040983956114654e-05,0.9999256157037834,1.5010481470514389e-05,9.42198353972242e-06,5.431885041712214e-07,4.3682219497887504e-07,4.0833570999766104e-07,2.5490243833811733e-07,2.424204181070005e-07,1.8431906002263347e-07,1.632418558745255e-07,1.1871543268451221e-07,1.0210110464534556e-07,7.455753689640543e-08,6.270295721828597e-08,4.087484029508469e-08,4.0276251196711504e-08,3.8035936027419763e-08,3.699941111799709e-08
1.4153933114214634e-09,2.263773567763914e-09,6.0107091281141195e-09,9.541375993810547e-09,1.3091889365542819e-08,1.528716541028536e-08,2.6019358672097017e-08,2.8802712326949626e-08,5.733531401938391e-08,6.061822370327568e-08,7.209630211583878e-08,1.4844646283098706e-07,1.717175723220087e-07,2.1682584479165086e-07,2.7887159836783156e-07,4.864367839738117e-07,7.823902155580361e-07,1.0278239183821655e-06,1.2022218853938983e-06,1.4203856969239384e-06,2.653372120913348e-06,4.515947389087082e-06,1.7004896204782964e-05,0.9994252698016259,0.0005409201524446045,7.794598846321451e-07,6.080799482983958e-07,5.631147142935144e-07,3.293610662420081e-07,3.112709315785772e-07,2.2909012959419024e-07,2.0017823270126798e-07,1.4095446253776903e-07,1.195789080645186e-07,8.508176105587265e-08,7.067863239230023e-08,4.486605543350636e-08,4.417405260039826e-08,4.1591819627264794e-08,4.040118409565184e-08
1.3986091911739468e-09,2.2349077254551766e-09,5.917679946117913e-09,9.371825421434614e-09,1.2832642481905616e-08,1.4966613722900275e-08,2.5358467322143297e-08,2.8040569333951525e-08,5.536336432571521e-08,5.8482156470934944e-08,6.93528557340047e-08,1.4086122899686708e-07,1.6236864845224554e-07,2.0379109743691151e-07,2.6034358778886693e-07,4.4703135290818384e-07,7.036350495198122e-07,9.091466059161869e-07,1.0512069849058421e-06,1.2247963770378459e-06,2.1392954542894416e-06,3.400493645976298e-06,9.99773203601268e-06,0.0005418404410353244,0.9994333349843441,8.649323254839081e-07,6.681372079268852e-07,6.168653238596987e-07,3.5361235199456926e-07,3.335575899598077e-07,2.431088678236719e-07,2.1158073026786617e-07,1.47587894985843e-07,1.2471557139647476e-07,8.808678381197116e-08,7.292719190736683e-08,4.596035122334237e-08,4.524184035135606e-08,4.2562901524751694e-08,4.132883577852224e-08
1.1840152915451266e-09,1.870391376225778e-09,4.778241951834174e-09,7.346618590700513e-09,9.802495280504633e-09,1.126592155586395e-08,1.8059898952397753e-08,1.9713276887781877e-08,3.5411359898813935e-08,3.704717000953888e-08,4.255225007691729e-08,7.470320550719784e-08,8.307108038702767e-08,9.805112350749912e-08,1.1671893130768463e-07,1.6976803053837657e-07,2.2613446710302063e-07,2.6396207925872183e-07,2.8668289569036297e-07,3.119361146735957e-07,4.111525891359227e-07,5.026524797323557e-07,7.12104725521892e-07,1.2482824670160066e-06,1.4968916975768962e-06,0.9999129148281625,5.311811127681489e-05,2.152879905040186e-05,1.94366636730667e-06,1.669755855738307e-06,8.31432133510556e-07,6.40577878033523e-07,3.491684479294351e-07,2.690334445631495e-07,1.6161336960112583e-07,1.2466221872811596e-07,6.82067136307437e-08,6.687648478228006e-08,6.198917116941223e-08,5.977572971289004e-08
1.1479597994377843e-09,1.8099211150495899e-09,4.594878229640535e-09,7.0288034709649255e-09,9.337333718025442e-09,1.0704936327491313e-08,1.7001992177573992e-08,1.8519292278726643e-08,3.2755969823911766e-08,3.421759217676814e-08,3.910961681666242e-08,6.713534150188386e-08,7.426482089570548e-08,8.688779010009056e-08,1.0239271979395242e-07,1.4536278261558393e-07,1.893523027651171e-07,2.181309581846938e-07,2.3512067425096171e-07,2.538019657070681e-07,3.251116735285144e-07,3.8851458046128855e-07,5.258365716757546e-07,8.434046114599175e-07,9.742455395478483e-07,5.472418496026536e-05,0.9993122910852961,0.0006186293024514312,3.4976659369055596e-06,2.8631854055011948e-06,1.1751489554844541e-06,8.592247768614651e-07,4.289272761120651e-07,3.2170990122676697e-07,1.8496245533034996e-07,1.4013717313634877e-07,7.410150867518514e-08,7.259064308011809e-08,6.705797594702546e-08,6.456182579328485e-08
1.1363714789152056e-09,1.7905375189561918e-09,4.536489238471615e-09,6.928132243218715e-09,9.190654339711467e-09,1.0528490260926682e-08,1.6672311080781302e-08,1.814800674662273e-08,3.194268868086286e-08,3.3352314482804684e-08,3.806223451655202e-08,6.488396017863983e-08,7.165902799006262e-08,8.361388219725716e-08,9.823349167504939e-08,1.3844212464305036e-07,1.791488609964212e-07,2.0557552025876062e-07,2.2109686187507856e-07,2.3811064871834657e-07,3.0250080621302257e-07,3.591461776036656e-07,4.79954084664093e-07,7.519778879367168e-07,8.608004260346257e-07,2.1126312677709236e-05,0.0006200369493130193,0.9993429651362928,4.3890585323069105e-06,3.5277536705145676e-06,1.339516591039478e-06,9.579859020059575e-07,4.613078051798291e-07,3.4250418182611296e-07,1.9379316538116875e-07,1.458875600151979e-07,7.621785420024386e-08,7.464032051442364e-08,6.887014704068909e-08,6.627027350009317e-08
1.050699183049243e-09,1.6480570424768158e-09,4.113471601122305e-09,6.20691421604474e-09,8.149757611308653e-09,9.28296262615138e-09,1.4389156477077453e-08,1.5587958130581435e-08,2.6503805359792075e-08,2.7583195474486e-08,3.11475560051795e-08,5.063916538700146e-08,5.533126738229788e-08,6.342815174711658e-08,7.304794618019544e-08,9.823964439499954e-08,1.2202559130938837e-07,1.3674730874160848e-07,1.451257988515483e-07,1.5413600365254254e-07,1.865424194317486e-07,2.1330205635733184e-07,2.6555091263824395e-07,3.6744098910628384e-07,4.028055265017249e-07,2.060650909114067e-06,4.0035683645123085e-06,5.299262474126116e-06,0.9991529395134191,0.0008206467453097943,6.85478846485911e-06,3.3078431033852442e-06,9.309627627166741e-07,6.141136505021197e-07,2.940398764795202e-07,2.0779254875854033e-07,9.682416175635706e-08,9.454826467987393e-08,8.630898012918564e-08,8.264045642486065e-08
1.0407900913649124e-09,1.6316664696665412e-09,4.065458377482212e-09,6.125905412362253e-09,8.033876577610009e-09,9.144985896398253e-09,1.4140707317827134e-08,1.5310515574089568e-08,2.593088058465711e-08,2.697719470783137e-08,3.042786835145748e-08,4.921408248057878e-08,5.3712599317522967e-08,6.145701356414526e-08,7.063003079739025e-08,9.452873075338366e-08,1.1693320264156405e-07,1.3073336715194108e-07,1.385632391158458e-07,1.4696757410350154e-07,1.7704793751724535e-07,2.0173668643448968e-07,2.49553043215895e-07,3.4161963347287843e-07,3.731984236055844e-07,1.742581482578704e-06,3.1618018880566936e-06,4.04902290750406e-06,0.0008214065142103964,0.9991511481968263,9.408835398484334e-06,4.133175584584591e-06,1.0328289918445256e-06,6.673199376807284e-07,3.113018966229203e-07,2.1795568322071604e-07,9.990634257144922e-08,9.751921665948351e-08,8.888928047595712e-08,8.505308901328457e-08
9.846566895395962e-10,1.5391837928023158e-09,3.797231298251492e-09,5.67674197231442e-09,7.395399435665823e-09,8.387404797458503e-09,1.2793513556005584e-08,1.3810313079678566e-08,2.2892338708010928e-08,2.3769151994083026e-08,2.6640694696415526e-08,4.190496773409916e-08,4.5457797345539005e-08,5.149782599785752e-08,5.853798185263134e-08,7.6395458985672e-08,9.253235416929785e-08,1.0223268804257937e-07,1.0765161630132378e-07,1.1341460530585508e-07,1.3355350170817626e-07,1.4960569231272013e-07,1.7951227394461946e-07,2.3374656959950727e-07,2.5134441478251196e-07,8.378806288022288e-07,1.2075380481993763e-06,1.3905340946211634e-06,7.494666116695705e-06,1.0792422708026564e-05,0.9998871267654638,8.46728125031831e-05,2.300490469561416e-06,1.2091815567812812e-06,4.5520680896308247e-07,2.9782660276267807e-07,1.2177204979995084e-07,1.1854617441500928e-07,1.0699273496441347e-07,1.0191228416337114e-07
9.585464611768397e-10,1.4963693903668108e-09,3.6745078686895223e-09,5.473062426562783e-09,7.108036202498136e-09,8.047843397161748e-09,1.2198545622420394e-08,1.3149965430918353e-08,2.1584980385057996e-08,2.239186627359018e-08,2.5026156516371043e-08,3.8881659726870594e-08,4.206619444795018e-08,4.745048910845029e-08,5.368242011181935e-08,6.93083147011523e-08,8.321023707189683e-08,9.148135566709761e-08,9.607212930364282e-08,1.0093582820695668e-07,1.1776791563989565e-07,1.310267577933586e-07,1.55349203536716e-07,1.9841003022809882e-07,2.1208153426148027e-07,6.329902751278792e-07,8.623506772241359e-07,9.67768716436169e-07,3.3768470347009674e-06,4.286268801387048e-06,8.622324544734324e-05,0.999894900652962,4.029719638029162e-06,1.7480897836356596e-06,5.628954948257475e-07,3.5339614290534863e-07,1.351727141353812e-07,1.313957987614674e-07,1.1793764830244487e-07,1.1205474306532715e-07
8.871090918604161e-10,1.3799445964538435e-09,3.3459174119592073e-09,4.933890104119472e-09,6.354469159458119e-09,7.161948803534991e-09,1.0674540599394354e-08,1.146528484010267e-08,1.8340132749638237e-08,1.8982108153605132e-08,2.106134938717997e-08,3.1709619634822486e-08,3.4080267053327454e-08,3.803469750585557e-08,4.253381988403416e-08,5.3503791922864416e-08,6.29055951724058e-08,6.836491181749237e-08,7.134982317545203e-08,7.448475056887238e-08,8.509633069428756e-08,9.323615204959712e-08,1.0766772085257507e-07,1.3193214930780098e-07,1.3928777069280803e-07,3.3502067369051883e-07,4.2039499322512254e-07,4.557776401359294e-07,9.670857234104442e-07,1.0856194445173131e-06,2.6265586607257196e-06,5.406244888849405e-06,0.999958527988919,2.6354755395739818e-05,1.3205291768542832e-06,6.664886589316339e-07,1.9202695842995407e-07,1.856059811857148e-07,1.6316578336750015e-07,1.5357429782288035e-07
8.513130121468528e-10,1.3219716939539196e-09,3.1848180455695457e-09,4.672569382259406e-09,5.992695562451416e-09,6.738847983741345e-09,9.959942784314822e-09,1.06785340366174e-08,1.686548188982286e-08,1.7436393073451624e-08,1.9278351689289424e-08,2.8591452135509207e-08,3.063351668176875e-08,3.401830920997802e-08,3.783863903685707e-08,4.703376244517217e-08,5.478062694139679e-08,5.922945187201833e-08,6.164545417626594e-08,6.41729845759561e-08,7.264502686199477e-08,7.906774461991272e-08,9.028806387217831e-08,1.0873971966723412e-07,1.1422607697056686e-07,2.509209253300157e-07,3.055888492380304e-07,3.275817193079694e-07,6.153287723690169e-07,6.74898850531508e-07,1.281229929344943e-06,1.9322338038126585e-06,2.764357314531086e-05,0.9999615005088986,2.603663309353402e-06,1.031893486344725e-06,2.3819584331542883e-07,2.2934733467579408e-07,1.9880713745947287e-07,1.8594270597023495e-07
7.749540250862482e-10,1.1991902036548842e-09,2.8497486648433123e-09,4.136067636202137e-09,5.257772499906592e-09,5.884224602566897e-09,8.545482774967898e-09,9.128012494045441e-09,1.4043652500241588e-08,1.4486296528004762e-08,1.590339644151716e-08,2.288974784639334e-08,2.4376319638902227e-08,2.681049992636708e-08,2.9516323998124135e-08,3.587275115364749e-08,4.106016381206614e-08,4.397921707258687e-08,4.5544931899840895e-08,4.717147716205736e-08,5.2528080828516534e-08,5.650498185286872e-08,6.327450142809662e-08,7.399211732747978e-08,7.70771370498455e-08,1.461036094927381e-07,1.6997573618905416e-07,1.791458779387531e-07,2.843171875409731e-07,3.0340374752226666e-07,4.664554050427801e-07,5.974520444198043e-07,1.5429889226110415e-06,3.7252126389325306e-06,0.9999788536585587,1.1458779692459316e-05,4.491239334586353e-07,4.265311253185182e-07,3.517890962546393e-07,3.218499341163478e-07
7.30348470508711e-10,1.1280042020453055e-09,2.6590873822128302e-09,3.834837336617887e-09,4.8495823619811715e-09,5.412308821811179e-09,7.780364432759998e-09,8.292991089167399e-09,1.2568371666569234e-08,1.2947968559387354e-08,1.4157942366393677e-08,2.0038881486853862e-08,2.1269469933076302e-08,2.3271204583346786e-08,2.5478132212918947e-08,3.059560962362213e-08,3.47017644449033e-08,3.698796152634786e-08,3.8206361399943564e-08,3.946749456841504e-08,4.3583336661278266e-08,4.6606571974365756e-08,5.1686357597595126e-08,5.958092691660431e-08,6.181842717715738e-08,1.0938073163632931e-07,1.2472354819491634e-07,1.3049273313617226e-07,1.9273764642268223e-07,2.0334945909858069e-07,2.878652259668981e-07,3.497273191711275e-07,7.01984993132877e-07,1.1686177352963459e-06,1.2389374240412137e-05,0.999981197448593,7.613268094794209e-07,7.132482171533686e-07,5.60117072753497e-07,5.015377585060391e-07
6.198586882547034e-10,9.535220227206261e-10,2.204055883947819e-09,3.128994718735571e-09,3.906967029449397e-09,4.330935866217261e-09,6.074409705062449e-09,6.44177406606049e-09,9.421032613142832e-09,9.676818829671317e-09,1.0483951109426743e-08,1.4281484172529866e-08,1.5046470843908778e-08,1.6272816022013288e-08,1.760091709680168e-08,2.0596353838500627e-08,2.2915642582216047e-08,2.4179120195315927e-08,2.4843647424343996e-08,2.5526506477263532e-08,2.7715009374913726e-08,2.9288907851873597e-08,3.186674535670844e-08,3.573243003835811e-08,3.6796166139320853e-08,5.7431747285637387e-08,6.330589822109391e-08,6.543724222560378e-08,8.631812964191075e-08,8.954018678312527e-08,1.1267548515881647e-07,1.2736805580103633e-07,1.9075320156362912e-07,2.471295187656758e-07,5.195218162780938e-07,1.0759895508059363e-06,0.9985219234200996,0.0014428119832882683,2.051774279525604e-05,1.1711039001412792e-05
6.158731495716621e-10,9.47273821516285e-10,2.188052844619013e-09,3.1044791760401583e-09,3.874552464553362e-09,4.293946207656857e-09,6.017131519568507e-09,6.379860571730891e-09,9.318486085344655e-09,9.570474531377683e-09,1.0365333799983477e-08,1.4100715798688888e-08,1.485215651929553e-08,1.6056167178682578e-08,1.7359265110050903e-08,2.0295459345506468e-08,2.2566063603533764e-08,2.3802101169279306e-08,2.4451907300610672e-08,2.511947424456652e-08,2.725766204510242e-08,2.8794287441538524e-08,3.130893743915135e-08,3.507541819716958e-08,3.611083788920538e-08,5.613849092159427e-08,6.181674421878823e-08,6.387474495829538e-08,8.397868242978536e-08,8.70715204417855e-08,1.0921356363185001e-07,1.2321871765166415e-07,1.8320039780282911e-07,2.3600992304229788e-07,4.86007224333795e-07,9.756809140723246e-07,0.0014429909140633132,0.9985097046731447,2.8819883981447865e-05,1.562405140558315e-05
6.003571327250521e-10,9.229835217139837e-10,2.126065016951439e-09,3.009748486644971e-09,3.7495376838559296e-09,4.151428988444105e-09,5.797225239447492e-09,6.142330571821355e-09,8.927003299717859e-09,9.164659150982496e-09,9.913260016040964e-09,1.341530297916883e-08,1.4116113272855266e-08,1.523678397223551e-08,1.6446771762981823e-08,1.91630736751588e-08,2.1253730184107782e-08,2.2388602012923527e-08,2.2984208740530882e-08,2.3595523490667143e-08,2.5549026242360297e-08,2.6949157994792553e-08,2.9233098648707643e-08,3.263883571702685e-08,3.357165910118523e-08,5.141862884190689e-08,5.640327842172844e-08,5.82025442551216e-08,7.55920004831239e-08,7.823772528535732e-08,9.697603451090579e-08,1.0865522828724588e-07,1.5739438228823803e-07,1.9878244446861185e-07,3.8140716311923937e-07,6.925225657124445e-07,2.056707089293903e-05,2.9109434261693258e-05,0.9996842679461627,0.00026372846512143124
5.928449354014198e-10,9.112426046535045e-10,2.0962285758368184e-09,2.9642806282681267e-09,3.68966718146599e-09,4.083255754836244e-09,5.69246440901464e-09,6.029269356437652e-09,8.741725555976612e-09,8.972689194558752e-09,9.699721708246129e-09,1.3093464349363465e-08,1.3770896357721186e-08,1.485316153329492e-08,1.602034273944601e-08,1.863593285452423e-08,2.0644570684426324e-08,2.17334622178818e-08,2.2304479456214972e-08,2.289029600497661e-08,2.4760284603262377e-08,2.6098871303805026e-08,2.827912739095069e-08,3.15235062401582e-08,3.2410617493683054e-08,4.9297242893726346e-08,5.398102163710141e-08,5.5668497515696795e-08,7.189848053793742e-08,7.435532641679294e-08,9.167168500465376e-08,1.0239339485455424e-07,1.466282075430082e-07,1.8360184274770286e-07,3.4199124753518954e-07,5.969689838736978e-07,1.1628983921425107e-05,1.559323432292131e-05,0.00026397872949151954,0.9997066696565706
