0.9999228983830911,3.734173001438147e-09,7.545226475586432e-05,5.032696216261979e-07,2.0150422405199348e-10,4.045503557501265e-10,1.1447025194412195e-09,1.7664336444741527e-09,2.368697046383734e-09,3.346500821151949e-09,4.27087966177324e-09,4.4095105206375555e-09,4.692482561380215e-09,6.3625404408591236e-09,8.328811089792415e-09,9.145822343482341e-09,9.577332669810767e-09,1.390474260233808e-08,1.4827870435786759e-08,1.514845214632715e-08,1.5475785559912098e-08,1.581015439352164e-08,1.6856561613585875e-08,1.8361637241256473e-08,2.267419135909341e-08,2.524875358091801e-08,2.5800796158402948e-08,2.6948518977513476e-08,2.8771809035725037e-08,3.589699021359694e-08,3.7568241455252234e-08,4.882900828053765e-08,6.24183120133635e-08,6.404691841353167e-08,7.51078125450692e-08,8.385038454246489e-08,8.625644870318682e-08,9.13482547965244e-08,9.980746421998652e-08,1.1286485611805807e-07
9.7841343153862e-09,0.9999816214598563,9.561357610143026e-09,1.2540308440587059e-08,6.6078232012216045e-09,1.1438543577359553e-08,4.397406864695149e-08,1.2797023801412514e-07,4.949541851227791e-07,9.328658221233892e-06,3.444134188331276e-06,2.3691683472066923e-06,1.3390407121195095e-06,2.2108683544431268e-07,1.0918732765779911e-07,9.248024171526938e-08,8.58526073350006e-08,5.005672153067218e-08,4.682270624533122e-08,4.583444518428988e-08,4.488652909743416e-08,4.397722262127553e-08,4.145272005546844e-08,3.8499381850824186e-08,3.246662281425191e-08,3.0147408980273006e-08,2.9722031586752342e-08,2.8909550492500866e-08,2.776348982942327e-08,2.4496022186683435e-08,2.3937630094970615e-08,2.119929004891458e-08,1.9237276448845784e-08,1.9063176001847098e-08,1.8084757975651907e-08,1.7484753196313625e-08,1.7341564362012863e-08,1.706208113335713e-08,1.6660693582789115e-08,1.6155195586914017e-08
7.536739367977747e-05,3.6040418721168215e-09,0.9999229542311076,3.941266995830101e-07,1.9017008766803316e-10,3.881205214544456e-10,1.1076982873150394e-09,1.709884270242924e-09,2.291359125923251e-09,3.2321659141097065e-09,4.118004792569295e-09,4.250591331873715e-09,4.521023547165544e-09,6.113008232467216e-09,7.977631467020923e-09,8.749438613442848e-09,9.156436045665738e-09,1.321980692134875e-08,1.4081517272639413e-08,1.4380400796149488e-08,1.468538337243718e-08,1.4996715235074186e-08,1.5969733200598787e-08,1.736581439304151e-08,2.134872050443316e-08,2.371261477963336e-08,2.4218310490176112e-08,2.5268265246589214e-08,2.693292717043465e-08,3.340081989769451e-08,3.490912855627903e-08,4.49992833539713e-08,5.7021041596563804e-08,5.8450356827115747e-08,6.809838573906744e-08,7.565655073052606e-08,7.772587159404641e-08,8.209089755238604e-08,8.929837577481949e-08,1.0031917205352191e-07
3.690975092352588e-07,5.332677743200483e-09,3.1211169554523147e-07,0.9999956108085876,3.3168181058202246e-10,5.940865728694973e-10,1.5779549204510493e-09,2.4374715102574035e-09,3.297179857343405e-09,4.7414882341020024e-09,6.166527183929804e-09,6.384970141345377e-09,6.834675393573121e-09,9.569384745520698e-09,1.2984454649278595e-08,1.4470367446938703e-08,1.5270611759329078e-08,2.3750309366166103e-08,2.5694605939539833e-08,2.6380570263839975e-08,2.7086728321315552e-08,2.7814152532067408e-08,3.0129737456708894e-08,3.356594299877556e-08,4.400172059318395e-08,5.073578083890952e-08,5.222726643735069e-08,5.5387316754659015e-08,6.055246877165105e-08,8.251617521912689e-08,8.813066003995856e-08,1.306027681494781e-07,1.9395061229539685e-07,2.0266014445259698e-07,2.691495083370333e-07,3.315258169999674e-07,3.5059895463470915e-07,3.9388637983070743e-07,4.76326457061814e-07,6.361363770852061e-07
5.101213141647767e-09,2.2239204635747306e-08,5.029033761454327e-09,5.908516428484451e-09,0.9999981083751825,1.3802864334756704e-06,6.040526126719025e-08,3.992651036446977e-08,3.146624409570417e-08,2.3870712570626982e-08,2.0433276956362746e-08,2.0044005412999172e-08,1.932258682100167e-08,1.6035753414688186e-08,1.3890530113510946e-08,1.3302195925831137e-08,1.3032745496199295e-08,1.1071056648366733e-08,1.0813250821379283e-08,1.0730732201967017e-08,1.0649827016509994e-08,1.0570522703561627e-08,1.0341301287560502e-08,1.0054591118227876e-08,9.400260091734449e-09,9.114792622468265e-09,9.060169979902753e-09,8.953632798666652e-09,8.798682393419199e-09,8.322810165251494e-09,8.235532272970831e-09,7.779989386747557e-09,7.42093964509034e-09,7.387505419444134e-09,7.194591954690213e-09,7.072023317625938e-09,7.042240361934265e-09,6.983526353539592e-09,6.897772544524375e-09,6.787331300696364e-09
5.32841169975011e-09,2.5724977987220265e-08,5.250371645276666e-09,6.206233659808265e-09,1.7169478547454862e-06,0.9999976980033376,8.039272664584503e-08,4.988784979426302e-08,3.8028509665754246e-08,2.7832471408747427e-08,2.341984016783527e-08,2.292739302345436e-08,2.2018886669306043e-08,1.7941702855769358e-08,1.5348698254134237e-08,1.4647799907445657e-08,1.4328205245579971e-08,1.2026220932219248e-08,1.1727464592119726e-08,1.163201542465069e-08,1.1538515672889851e-08,1.1446946412544324e-08,1.1182717038624569e-08,1.0853144490796801e-08,1.0104730496966391e-08,9.779987724913103e-09,9.717970217600365e-09,9.597124833443437e-09,9.421620703511881e-09,8.884545677460988e-09,8.786371238882129e-09,8.275553910008125e-09,7.874874125929362e-09,7.837653267251078e-09,7.62318576414342e-09,7.487179774908286e-09,7.454162803708974e-09,7.389108087341292e-09,7.29417844689009e-09,7.17206733408099e-09
6.4665687681152884e-09,6.140321570016545e-08,6.356221413413312e-09,7.743153682857391e-09,7.381138096932819e-08,7.325189783710201e-07,0.9999979771770112,3.601341275575959e-07,1.4985027553209135e-07,7.158092789112736e-08,5.1546538850706565e-08,4.961068848937931e-08,4.618035213080654e-08,3.267053111800383e-08,2.5633430953280922e-08,2.3914164646759767e-08,2.3152830544410268e-08,1.8034377561913255e-08,1.7420202456458754e-08,1.7226153808172353e-08,1.7037075246567284e-08,1.6852865966785058e-08,1.6326569161927867e-08,1.5680893446340242e-08,1.425652113449807e-08,1.3657424551955465e-08,1.354425687582886e-08,1.332491141092735e-08,1.300894264095043e-08,1.2060941937580294e-08,1.1890805922614694e-08,1.1020418819666662e-08,1.0355122953501857e-08,1.029410855220529e-08,9.945072567256366e-09,9.725909079365422e-09,9.672965953950351e-09,9.568939829760847e-09,9.417845424236993e-09,9.224698145418702e-09
7.280097870673187e-09,1.2354663816701218e-07,7.144678994436133e-09,8.875968303896487e-09,2.441575025852422e-08,5.7732501931573434e-08,1.3697532026605464e-06,0.999996687278191,7.681681049279885e-07,1.5674805533119934e-07,9.49762762008049e-08,8.981788185784139e-08,8.100925853614391e-08,4.993654818465593e-08,3.637186171313854e-08,3.331602079476597e-08,3.199214139003916e-08,2.3508940305797515e-08,2.2548958543740934e-08,2.2247944375342594e-08,2.195570428622471e-08,2.1672010799617777e-08,2.086691059600854e-08,1.989027746810852e-08,1.7775356056568142e-08,1.690464670777076e-08,1.6741337104161914e-08,1.6425929214059987e-08,1.5973948927625003e-08,1.4635195070897223e-08,1.4397822164542091e-08,1.319660274495387e-08,1.2293425743706023e-08,1.2211288214361017e-08,1.1743572893880846e-08,1.1451688043779163e-08,1.1381399579153753e-08,1.1243532982381916e-08,1.1043872288213828e-08,1.0789635382797251e-08
8.038955084844859e-09,2.6471187580701484e-07,7.878606041171471e-09,9.95701113940875e-09,1.3723730742353801e-08,2.703241212322128e-08,1.7717513465713036e-07,2.063655180262767e-06,0.9999958987051546,3.777521422052104e-07,1.8011307057750943e-07,1.6642279245516294e-07,1.4408974109918256e-07,7.472599813968415e-08,5.0133446113522505e-08,4.505725966887946e-08,4.290541264147957e-08,2.9720989075483336e-08,2.831294467186523e-08,2.7874570821423665e-08,2.7450410020389452e-08,2.7040023254705898e-08,2.5882556364182062e-08,2.4492836081928068e-08,2.153327587078531e-08,2.033848275941535e-08,2.01158382597789e-08,1.968722568004261e-08,1.9075874093241414e-08,1.7285466848910576e-08,1.6971452381746588e-08,1.539741563750872e-08,1.4231061437668007e-08,1.412577683296707e-08,1.3528674210893339e-08,1.3158048982257527e-08,1.3069046667490208e-08,1.2894739171150535e-08,1.2642955360668412e-08,1.2323445070259661e-08
9.318123399800647e-09,7.763749929624601e-06,9.112586758606664e-09,1.1839718242480348e-08,7.77295876951174e-09,1.377047216051123e-08,5.801010681250105e-08,2.0446175204812722e-07,1.6653787651216603e-06,0.9999865295257483,1.1615756252976777e-06,9.235873261829291e-07,6.343584151345122e-07,1.6440704309133847e-07,8.899141050433507e-08,7.662141265951145e-08,7.16292451432091e-08,4.380300763450751e-08,4.1172478844737276e-08,4.036484939736668e-08,3.958848854889201e-08,3.884213543318773e-08,3.676181102911575e-08,3.4312041517999286e-08,2.9256330676040424e-08,2.7288123188708282e-08,2.692568862337956e-08,2.6232049327619687e-08,2.5250930486196925e-08,2.2434846600299e-08,2.1950419565599096e-08,1.9561792027486123e-08,1.7835871931839822e-08,1.7682053184721424e-08,1.681563707270713e-08,1.6282713825920984e-08,1.6155333630518308e-08,1.590649734269542e-08,1.5548608152643993e-08,1.509703697571966e-08
1.0424241023610862e-08,4.842839219036793e-06,1.0176999483339743e-08,1.3517259248362327e-08,5.476202762518476e-09,9.26703446797866e-09,3.271371788757391e-08,8.208876668847722e-08,2.2418290508313474e-07,1.2210721750982283e-06,0.9998613878430833,0.0001218457491578156,8.823996076556265e-06,3.416085574536049e-07,1.454335851343206e-07,1.202074020259548e-07,1.1044272913274726e-07,5.998673681887741e-08,5.572269917936129e-08,5.4428216856092486e-08,5.319038101627147e-08,5.2006546542393794e-08,4.8737886121640594e-08,4.494837904092223e-08,3.7317746173950275e-08,3.44353883606903e-08,3.3909610377045856e-08,3.290813584855839e-08,3.150084956347681e-08,2.7525388585622494e-08,2.6852147235636647e-08,2.3575003613468107e-08,2.12538236109161e-08,2.10490719388156e-08,1.990195452635084e-08,1.9201347865929107e-08,1.9034506278507397e-08,1.8709225916451795e-08,1.8242976648069903e-08,1.7657290746926183e-08
1.0587100915036027e-08,2.8712608650426483e-06,1.0333501824234973e-08,1.3768395088697745e-08,5.246273237731079e-09,8.83684720189286e-09,3.066140240102756e-08,7.489452009608648e-08,1.9352802388541345e-07,9.261690729882957e-07,0.0001231871818455076,0.9998477168576494,2.3364828949894663e-05,3.8260947338337394e-07,1.5646664404991269e-07,1.285104155088828e-07,1.1775439473756271e-07,6.277306400806509e-08,5.820674825130128e-08,5.682280238039472e-08,5.550043212736023e-08,5.423670708714864e-08,5.0752254223821976e-08,4.672166633293984e-08,3.863457504121331e-08,3.5593344135749944e-08,3.5039361944678786e-08,3.398490393827583e-08,3.2504574942450695e-08,2.8332362120010733e-08,2.7627421522245296e-08,2.4202327881873737e-08,2.178335573411395e-08,2.1570293913583785e-08,2.0377539996304234e-08,1.9649798773432166e-08,1.9476587379776665e-08,1.9138983431954372e-08,1.865530548035759e-08,1.8048114267975824e-08
1.0919237802834756e-08,1.4111185254766067e-06,1.0652487270876509e-08,1.4284118069297964e-08,4.835344978986467e-09,8.077787794127757e-09,2.7185391689590143e-08,6.345155006264903e-08,1.5022375748525234e-07,5.965947469542773e-07,8.826642950731128e-06,2.4869200662073284e-05,0.9999621972558491,4.860231097054362e-07,1.8205562742818505e-07,1.4753718471353366e-07,1.3442086992256424e-07,6.88576463838829e-08,6.361037535902253e-08,6.202550589208353e-08,6.051356126400698e-08,5.907093846681751e-08,5.510453872747916e-08,5.05379221684446e-08,4.144252786873131e-08,3.805361248375444e-08,3.7438061985137775e-08,3.6268104559568836e-08,3.462884684054883e-08,3.0030573020654255e-08,2.9257300944768997e-08,2.5514476596533656e-08,2.288667107587521e-08,2.2655920225598357e-08,2.1366176686800463e-08,2.058088203111795e-08,2.03941751203095e-08,2.0030476686292432e-08,1.950993103532298e-08,1.8857304400763096e-08
1.302620676097393e-08,2.807009057190283e-07,1.266955048942889e-08,1.7684434951630525e-08,3.336442150470627e-09,5.42052524237162e-09,1.6444050208539235e-08,3.34246197937005e-08,6.362916916710349e-08,1.71947716358571e-07,6.439723706604181e-07,8.593391390746461e-07,2.0403910966985335e-06,0.999992889228181,7.035717448570235e-07,4.687512847444821e-07,3.963466939686691e-07,1.3041503745112125e-07,1.1650149494546028e-07,1.124369590783438e-07,1.0861746518174082e-07,1.0502604289439609e-07,9.540718053145374e-08,8.478943864650627e-08,6.499394749674992e-08,5.8161379534860184e-08,5.694919004700556e-08,5.4671338213362195e-08,5.152978300022167e-08,4.3037018839886645e-08,4.165920425256375e-08,3.517680450860588e-08,3.0817835378703595e-08,3.044324636925332e-08,2.8372567730646573e-08,2.712999432075828e-08,2.683677414667971e-08,2.626787048213227e-08,2.5459159107867936e-08,2.4454241106496615e-08
1.543650252229659e-08,1.1084987072031157e-07,1.4966315262315027e-08,2.1804717290442997e-08,2.494043380396268e-09,3.993989888502543e-09,1.1373796535658634e-08,2.1347436378470397e-08,3.6475151675832394e-08,7.936298074897974e-08,1.810397157330027e-07,2.077939008391298e-07,2.806960364584839e-07,2.6409187440312024e-06,0.9999773460540085,1.1747130835366127e-05,4.823448453369285e-06,2.8953200773226925e-07,2.4444426893372535e-07,2.319520792033091e-07,2.2048799105103834e-07,2.099534046301325e-07,1.8286082298877356e-07,1.5484474693392774e-07,1.0739575700105308e-07,9.274817345402644e-08,9.023028528095333e-08,8.556983439624728e-08,7.927234596493916e-08,6.304095217463908e-08,6.05260656105859e-08,4.9100737558643974e-08,4.180837472578157e-08,4.1197739189700204e-08,3.7865326506112814e-08,3.5898681556562854e-08,3.543859512101164e-08,3.4549984461207875e-08,3.329652712598086e-08,3.175447281566834e-08
1.6364982273924452e-08,8.562701587591163e-08,1.5848634254350803e-08,2.344776910731407e-08,2.2726078248151456e-09,3.6268427983709177e-09,1.0145242471663387e-08,1.862139130829847e-08,3.092364206202641e-08,6.356536157148032e-08,1.3103573317387773e-07,1.4719596492660576e-07,1.8853996769765118e-07,8.366913394331525e-07,1.3590414628579822e-05,0.9999065601080659,7.520859371256277e-05,3.9119996194908096e-07,3.2339826628194133e-07,3.048781335123336e-07,2.880003730845344e-07,2.7260095074353447e-07,2.3349767505712862e-07,1.9392346522619184e-07,1.291197433622484e-07,1.0995412750249806e-07,1.0669783801307807e-07,1.0070470653640607e-07,9.266614380608477e-08,7.230205231821892e-08,6.920076176850432e-08,5.52853030705922e-08,4.657071261953063e-08,4.584789526194822e-08,4.1921379018559154e-08,3.9617843072331185e-08,3.908061886674446e-08,3.804469592095329e-08,3.658748971414301e-08,3.480116245899301e-08
1.6850576510495028e-08,7.644071700526763e-08,1.6309505032571212e-08,2.4321170896752125e-08,2.1740940754335592e-09,3.4647991241770475e-09,9.616034203363344e-09,1.7478043243915273e-08,2.8673416421851592e-08,5.756794590089261e-08,1.1407216599967767e-07,1.2711581672893157e-07,1.5977538608298298e-07,6.003203639762793e-07,4.880260301439038e-06,7.65879358491719e-05,0.9999138203610836,4.5913004619610376e-07,3.755411996324485e-07,3.528102829408171e-07,3.32156863367029e-07,3.1337420059413003e-07,2.65968706840393e-07,2.1852591712711868e-07,1.4220016938382244e-07,1.2015694653449176e-07,1.164357763827573e-07,1.0960824613423325e-07,1.0048718017789621e-07,7.759599009790817e-08,7.414229081768563e-08,5.87483117957246e-08,4.920512450088556e-08,4.8417573371995877e-08,4.414975845878536e-08,4.165386177359533e-08,4.1072728100276795e-08,3.9953083170008516e-08,3.838040069872116e-08,3.6456120109995405e-08
2.205849378688664e-08,3.805433960666667e-08,2.1224967853234128e-08,3.441718935604273e-08,1.5559027741154168e-09,2.4680336815551716e-09,6.550264917533478e-09,1.1243229749554714e-08,1.7239589538178942e-08,3.065363125735092e-08,5.084872792987074e-08,5.4790082285335366e-08,6.383355326921315e-08,1.469841227084598e-07,4.158797685997865e-07,7.545293172959551e-07,1.1450003925848654e-06,0.9999250570850139,3.154484577566179e-05,1.638312131542248e-05,9.995893026271167e-06,6.854526491796627e-06,3.0513771791440914e-06,1.502235974007699e-06,5.056623820224491e-07,3.637654426862111e-07,3.4295284522782596e-07,3.0711128052316173e-07,2.63152773419168e-07,1.7090925792847018e-07,1.5911236845263827e-07,1.1186230204852192e-07,8.674741625159104e-08,8.481625411543646e-08,7.468527347008154e-08,6.900398422865572e-08,6.770884144421324e-08,6.524069882346298e-08,6.183710163969671e-08,5.776921263134758e-08
2.3077010217650587e-08,3.448485020035278e-08,2.218213225952973e-08,3.65141593340288e-08,1.477260215265586e-09,2.3432382097961297e-09,6.1833328247357775e-09,1.0530962147126034e-08,1.60032368720868e-08,2.800620648533503e-08,4.5492387318847814e-08,4.883483825406339e-08,5.642443906970912e-08,1.2315900412655587e-07,3.127523863459802e-07,5.075102826871965e-07,6.904753730999258e-07,3.3020165224350734e-05,0.9994625887147236,0.0003974400463540015,6.555350978238718e-05,2.6591880141350003e-05,6.915134909616664e-06,2.5577331611731894e-06,6.605571832693427e-07,4.5534349393561525e-07,4.262807461494273e-07,3.769921215534488e-07,3.177129387254077e-07,1.9816755333251938e-07,1.8344088745670698e-07,1.2570745438536704e-07,9.5966415391628e-08,9.371146355169235e-08,8.195369201294564e-08,7.54116560529641e-08,7.392618437761348e-08,7.110103587159324e-08,6.721839158656914e-08,6.259786554968415e-08
2.3428750513867907e-08,3.342088266752458e-08,2.251234164378956e-08,3.724876613783179e-08,1.4524550054276356e-09,2.3039924953550256e-09,6.068968253179757e-09,1.0310915005423233e-08,1.5625025804453905e-08,2.7210009946665932e-08,4.391811471804563e-08,4.7091797210274825e-08,5.4275685011177815e-08,1.166274304901435e-07,2.8764475826331025e-07,4.5457292479932233e-07,6.043010960845907e-07,1.6557575959545435e-05,0.000400841295968697,0.9991883551374617,0.00030860024641665853,6.703357541956593e-05,1.0055368765557706e-05,3.1682263509805877e-06,7.270617458247393e-07,4.932162141135902e-07,4.6050953924722314e-07,4.0534724800117514e-07,3.394938058720118e-07,2.0861796071357497e-07,1.9271505535376495e-07,1.308496562245361e-07,9.933546769770853e-08,9.695804911936894e-08,8.458844475392031e-08,7.772483550342561e-08,7.616853625217989e-08,7.321075376932589e-08,6.915067983423138e-08,6.432624153342794e-08
2.378701362234267e-08,3.241240014906373e-08,2.2848494817229454e-08,3.800258639862186e-08,1.4283091961156251e-09,2.265844898915744e-09,5.958281595753353e-09,1.0098838757768069e-08,1.5262203614091535e-08,2.6452239833185005e-08,4.243544501380305e-08,4.5453248723380725e-08,5.2264056061534894e-08,1.1066093104099037e-07,2.657685719157684e-07,4.104904411088729e-07,5.35312147573752e-07,9.933652485843052e-06,6.461144585034529e-05,0.0003134053934448069,0.9991772930154003,0.0004088833819165286,1.6333409637692366e-05,4.0381318200356535e-06,8.035421328020516e-07,5.358201709196755e-07,4.988611054267863e-07,4.368998038970826e-07,3.635006991166767e-07,2.1987656077310894e-07,2.0267497556363957e-07,1.3629360440559904e-07,1.0287113432087107e-07,1.0036287131210564e-07,8.734141106802148e-08,8.013652128901897e-08,7.850518598629436e-08,7.540704409101546e-08,7.115950580338729e-08,6.612005723930076e-08
2.4152124754178443e-08,3.145561797020441e-08,2.3190886197602353e-08,3.8776705479209134e-08,1.404797959349502e-09,2.2287524994748976e-09,5.8511134137092244e-09,9.894351035142636e-09,1.4913947250697817e-08,2.5730474644748663e-08,4.103738102454986e-08,4.391096013212309e-08,5.0378030853605366e-08,1.0519517352296387e-07,2.465703078906593e-07,3.732911916332752e-07,4.789769294364067e-07,6.749412089366711e-06,2.634260986772708e-05,6.625697810162968e-05,0.0004125323886662387,0.9994457858092681,3.1308752901837046e-05,5.354367078580315e-06,8.922179870275899e-07,5.840460278329571e-07,5.420848447938189e-07,4.7219814247388533e-07,3.900813406770395e-07,2.3204221810856096e-07,2.1340144513791871e-07,1.420686633337856e-07,1.0658758253556406e-07,1.0393923606944112e-07,9.022192826482031e-08,8.265420336242601e-08,8.094323778062298e-08,7.76963165667053e-08,7.325039639887686e-08,6.798389615064517e-08
2.52899581896762e-08,2.885930276741378e-08,2.4256724512548684e-08,4.122732113404741e-08,1.3378315221963046e-09,2.123387682899013e-09,5.549130680383562e-09,9.322600855746006e-09,1.3948422940227473e-08,2.3757720411016967e-08,3.7285477838543205e-08,3.978529633135348e-08,4.536826047594079e-08,9.125717545216819e-08,2.00957753603832e-07,2.900896712479152e-07,3.588698531651198e-07,2.9725148703367315e-06,6.873826096157836e-06,1.0118810089199011e-05,1.6811793966678453e-05,3.390436922553728e-05,0.9999020074520711,2.079199886612574e-05,1.258615493673254e-06,7.730778260763941e-07,7.098286833852421e-07,6.067732131198222e-07,4.891267659901189e-07,2.7499197760825545e-07,2.509942075107139e-07,1.616544992078389e-07,1.1894370268121522e-07,1.1581135634065582e-07,9.970642129384414e-08,9.090346598465401e-08,8.892270303070906e-08,8.517268827175264e-08,8.005839544534596e-08,7.40304033799402e-08
2.6916237518870884e-08,2.5932664522414644e-08,2.5777034254527006e-08,4.4832869653080325e-08,1.2560880228743902e-09,1.995357287830363e-09,5.187118975441031e-09,8.646015191623162e-09,1.28216548173453e-08,2.150811887608311e-08,3.313004385468092e-08,3.523897341140667e-08,3.990836207159271e-08,7.700027081349825e-08,1.5888721244930247e-07,2.1929405809270027e-07,2.6277051557671205e-07,1.453339617165744e-06,2.514477543110192e-06,3.1414711141894135e-06,4.0508568475266625e-06,5.463853338117228e-06,2.340362840894429e-05,0.9999512790701921,2.1159784667868332e-06,1.1915526755657281e-06,1.074499062355913e-06,8.901293987558937e-07,6.883439119088228e-07,3.529479627103146e-07,3.182520337720131e-07,1.9452886637908647e-07,1.388881135704974e-07,1.3491722238074428e-07,1.1472660407008083e-07,1.038479608007013e-07,1.0141738989031552e-07,9.683204047883919e-08,9.061548513560523e-08,8.334258530477967e-08
3.15981081703268e-08,2.0477276570692535e-08,3.013451611044348e-08,5.5900197995632044e-08,1.0825206782003042e-09,1.7256076920830054e-09,4.4416032513275656e-09,7.282396138182841e-09,1.0601767619048459e-08,1.7238195322240335e-08,2.559012707639073e-08,2.7052403494743804e-08,3.023676830513019e-08,5.397536537015646e-08,9.945043231353737e-08,1.2830624075162134e-07,1.471084429864267e-07,5.154049445166772e-07,7.131521336077172e-07,8.040917588490973e-07,9.132821742595657e-07,1.0464342219544488e-06,1.6756571835783068e-06,3.9685035538976295e-06,0.9999533657693628,1.5314706591727778e-05,9.891822471448546e-06,5.300107312595932e-06,2.7191409385433115e-06,7.915230634225049e-07,6.776020570881356e-07,3.368504530798183e-07,2.1626379723712668e-07,2.084487693628367e-07,1.701341453262283e-07,1.5043891531465468e-07,1.4613860872000322e-07,1.3811837548633546e-07,1.2744996658363651e-07,1.1525876492417394e-07
3.4266590761371976e-08,1.842434536833116e-08,3.260733237997841e-08,6.263575371862984e-08,1.0089816876586267e-09,1.612148070094273e-09,4.134564391586544e-09,6.731847778895173e-09,9.723912925032984e-09,1.5605126331207214e-08,2.281981012523813e-08,2.4064608924325327e-08,2.67575766300669e-08,4.6334152835744174e-08,8.183195323904435e-08,1.0316708450252952e-07,1.1662557909371457e-07,3.505750508234518e-07,4.569144401828354e-07,5.028449243403141e-07,5.558597118139661e-07,6.17648764643758e-07,8.773158683227054e-07,1.565120656307372e-06,1.7177263456699184e-05,0.9991524271839903,0.0007681951424370359,4.217993659091255e-05,1.0004283401240432e-05,1.3464078957265902e-06,1.0982979694247875e-06,4.6279480050216817e-07,2.76637143285492e-07,2.653183431488528e-07,2.1106032163828947e-07,1.8394560462743083e-07,1.7810844380946763e-07,1.6729604089317105e-07,1.5307676179044725e-07,1.3705313641777207e-07
3.483051762580347e-08,1.80549144057092e-08,3.31289413852134e-08,6.409940135956454e-08,9.951659672831042e-10,1.5908894051238517e-09,4.077481451228901e-09,6.630235169580718e-09,9.563099533539634e-09,1.5309560080362236e-08,2.2325417702857908e-08,2.3532634384516872e-08,2.614114033226511e-08,4.5017031769469696e-08,7.890414486808776e-08,9.907862493292612e-08,1.1173560935638314e-07,3.273712793158654e-07,4.2266073775280527e-07,4.6339056216119307e-07,5.101011145908547e-07,5.641480363787793e-07,7.872423178738504e-07,1.353914801630533e-06,1.0593321969140919e-05,0.0007703107239517666,0.9990838606209934,0.0001100648512143936,1.5266563082368658e-05,1.517176892759573e-06,1.222474030227451e-06,4.952249039034142e-07,2.913057783858432e-07,2.7908209897254896e-07,2.2076041169111563e-07,1.9179311110306817e-07,1.8557591872891281e-07,1.7407627477935183e-07,1.5898998022485877e-07,1.4203948330830953e-07
3.5999597942273066e-08,1.7354437963430774e-08,3.420908308646977e-08,6.718577651035005e-08,9.683689154053965e-10,1.5497149822484188e-09,3.96739162958549e-09,6.435025001713051e-09,9.255369690564943e-09,1.474751279949723e-08,2.1391906855502278e-08,2.252930670627162e-08,2.4981317453542384e-08,4.257232963999851e-08,7.356681185520327e-08,9.169765185846541e-08,1.0296007917203439e-07,2.8812773098575434e-07,3.6597029968485283e-07,3.9864367506952454e-07,4.357123825120851e-07,4.78090348569776e-07,6.478659509831118e-07,1.0512740417746783e-06,5.442091496269583e-06,4.226040074985972e-05,0.00011286928158932554,0.9997712403679802,5.8040017898344855e-05,1.9851794106502504e-06,1.5500835738590193e-06,5.717363465856672e-07,3.245518571208859e-07,3.101958725761791e-07,2.4238495339099395e-07,2.091497785932841e-07,2.020623925871585e-07,1.8899498336593702e-07,1.719409348248155e-07,1.529005507168268e-07
3.783684726669485e-08,1.6385239435721713e-08,3.590382633332189e-08,7.215915907891415e-08,9.301091165597855e-10,1.4910461475292967e-09,3.8114368189283306e-09,6.159971818290291e-09,8.824138106918781e-09,1.3966691234336806e-08,2.0107790908308267e-08,2.1151357047319366e-08,2.339382271202528e-08,3.928805204142255e-08,6.656844372223237e-08,8.214586623282191e-08,9.169424060474874e-08,2.414520145313355e-07,3.0037975667220165e-07,3.2455214238961193e-07,3.5160019547733617e-07,3.820518377404945e-07,4.99739443979117e-07,7.574891517574283e-07,2.698419306940725e-06,9.939721515260633e-06,1.527466952173694e-05,6.04741233547574e-05,0.9998999372832202,3.15975507045818e-06,2.317878320536219e-06,7.173688156048271e-07,3.8422236928746864e-07,3.65831133127184e-07,2.802939980721654e-07,2.392093254495683e-07,2.3053898415977928e-07,2.1463195767127363e-07,1.9404213336210525e-07,1.7128262698439412e-07
4.501280512569333e-08,1.375117631287875e-08,4.248813238298465e-08,9.330297287585285e-08,8.173347017328416e-10,1.3190350029473447e-09,3.361308840749427e-09,5.377215385548624e-09,7.61406882691017e-09,1.182331972043088e-08,1.6667109766510992e-08,1.747341523905506e-08,1.9190632155091287e-08,3.096995951006574e-08,4.9823178469609174e-08,5.99332677058822e-08,6.593087137933037e-08,1.5045027804969053e-07,1.7902510364458477e-07,1.901904984345941e-07,2.0234095678849738e-07,2.1561340932228237e-07,2.635155516088666e-07,3.5452512146358994e-07,8.200243359973567e-07,1.5104168674134428e-06,1.744732606656651e-06,2.4343374122873973e-06,4.663896059904782e-06,0.9997212426827614,0.00025973522240920274,2.0698780286989443e-06,7.786304155956487e-07,7.270870404408974e-07,5.045662584271892e-07,4.0795973302426034e-07,3.8858580377894975e-07,3.538824203340793e-07,3.1067939573480103e-07,2.651017450674823e-07
4.662991990229005e-08,1.330816138550387e-08,4.396553218660656e-08,9.841501858691228e-08,7.971218405048171e-10,1.288335398908377e-09,3.281943297416601e-09,5.240722361554719e-09,7.405385254238066e-09,1.1459980434827656e-08,1.609489351904972e-08,1.6863597209603645e-08,1.84981591287505e-08,2.9646226780117304e-08,4.7272462630907154e-08,5.662327419659671e-08,6.214055275449236e-08,1.3855253720496744e-07,1.637621498412644e-07,1.735391658753593e-07,1.8413383202695248e-07,1.9565428728471982e-07,2.3681311160802208e-07,3.133592637367352e-07,6.871033472881958e-07,1.1917661689712046e-06,1.353584377239139e-06,1.8015656650952352e-06,3.0131747715344014e-06,0.0002608391991458286,0.9997222044901632,2.746541805785255e-06,9.179967089231929e-07,8.528603453743017e-07,5.767607724549663e-07,4.5984631408661706e-07,4.3670261723664693e-07,3.9549056250679763e-07,3.4467333841747534e-07,2.9166478098867955e-07
5.7583293786876486e-08,1.1226138368043439e-08,5.390489647371103e-08,1.373650703822869e-07,6.955007504186848e-10,1.1347033208208392e-09,2.8901251358534074e-09,4.574861139589097e-09,6.399136248075819e-09,9.738963578975319e-09,1.3435103333789123e-08,1.4037335402347712e-08,1.5308349550614647e-08,2.37469491103331e-08,3.635571878309769e-08,4.2724047671747755e-08,4.639315557912364e-08,9.368498523190902e-08,1.0778140652655208e-07,1.1308932605470491e-07,1.1874733032531213e-07,1.2479259684011972e-07,1.455734845914716e-07,1.813307454931575e-07,3.2821221675835515e-07,4.764025195976356e-07,5.172860071481856e-07,6.173407567326113e-07,8.234566983420995e-07,2.953781224551529e-06,4.476728684498841e-06,0.9999747337953873,4.119746916742934e-06,3.521457988827181e-06,1.6751780552565968e-06,1.140845081096202e-06,1.0502636087815809e-06,8.990852673303851e-07,7.300033840807906e-07,5.718605811989076e-07
6.996579278458908e-08,9.790965935603548e-09,6.503374482065159e-08,1.899515047788171e-07,6.192477347022904e-10,1.020104907315267e-09,2.6027639525956736e-09,4.09382002629619e-09,5.682818972473223e-09,8.540833572028416e-09,1.162695481634385e-08,1.2123128037809329e-08,1.3164489636993244e-08,1.994155196388254e-08,2.9653777518379505e-08,3.4387590406565814e-08,3.7069575798675585e-08,6.993571550506372e-08,7.908347611373598e-08,8.24642544591172e-08,8.603128896028689e-08,8.980127554257668e-08,1.0245915773413242e-07,1.2324044584266438e-07,2.001911631478226e-07,2.6636387614128916e-07,2.831369948335646e-07,3.2186028649367656e-07,3.9435483117376424e-07,8.824996297374642e-07,1.0839981171641795e-06,5.527374435920753e-06,0.998427216813233,0.0015388251523193472,1.0389710649762998e-05,4.184168581835809e-06,3.540422199194911e-06,2.6377859750667767e-06,1.8430194483674734e-06,1.2526018982426694e-06
7.138778251419971e-08,9.664691129787058e-09,6.630487991831639e-08,1.9664443809287425e-07,6.122385024313989e-10,1.009603285499055e-09,2.576664706688934e-09,4.050469661695943e-09,5.618753295447443e-09,8.43489127452704e-09,1.1468959950659284e-08,1.1956171999920789e-08,1.2978211814670389e-08,1.961756480322206e-08,2.90970452550433e-08,3.370282591773659e-08,3.6308441262982344e-08,6.809988493830192e-08,7.689683158361803e-08,8.014297598878015e-08,8.356511217793382e-08,8.717878305688019e-08,9.928900539715669e-08,1.1909796851463604e-07,1.918685501415928e-07,2.5370503224740953e-07,2.6928473725108054e-07,3.0510938923475647e-07,3.71738434150446e-07,8.09479408738941e-07,9.85822402353434e-07,4.441751173790533e-06,0.0015396013794220214,0.9984214225523463,1.4385295757220227e-05,5.075742133643413e-06,4.222860813871124e-06,3.06257798820186e-06,2.081740402152911e-06,1.3811016265761463e-06
8.08642509048549e-08,8.963217833719864e-09,7.473952974819633e-08,2.4533769886862277e-07,5.722684471762883e-10,9.498297115532214e-10,2.428922458793043e-09,3.806222880898052e-09,5.259415613889025e-09,7.84467202755335e-09,1.0594768523522868e-08,1.1033366201077159e-08,1.1950832410146059e-08,1.7851225856503918e-08,2.610279538857945e-08,3.0042362563389626e-08,3.225315280366764e-08,5.859695403747761e-08,6.565893247260204e-08,6.824385571191317e-08,7.09569989254665e-08,7.380879799259753e-08,8.327302002233643e-08,9.845945900523092e-08,1.520611608530981e-07,1.949733111495801e-07,2.0546458456127388e-07,2.2911958740151917e-07,2.717501111796882e-07,5.211188156298038e-07,6.104440135677144e-07,1.8393840550657696e-06,1.1089754203409439e-05,1.5930992980457305e-05,0.9998896380636416,3.693058824254679e-05,2.206614864285178e-05,1.0797168362709764e-05,5.494039807940665e-06,2.9368955073162814e-06
8.803599336365794e-08,8.541267878845226e-09,8.108899587485135e-08,2.8660354130441074e-07,5.474395291434632e-10,9.127849168190993e-10,2.3379652777277704e-09,3.656719321268958e-09,5.040686417673378e-09,7.488372646371014e-09,1.0071521640775116e-08,1.0481742184405357e-08,1.1338349629140988e-08,1.6813141369057332e-08,2.4372180381074524e-08,2.7942583211480212e-08,2.993640542805154e-08,5.335412277505653e-08,5.9512479097904225e-08,6.175584355667032e-08,6.410445314903644e-08,6.656645522811416e-08,7.469061014170336e-08,8.758583384725724e-08,1.3208588119315596e-07,1.6653999851108793e-07,1.7482735779401663e-07,1.9331676675216392e-07,2.2606170235025626e-07,4.0623033671308094e-07,4.667011132232971e-07,1.1868455841907342e-06,4.227197005437762e-06,5.199834878284909e-06,3.872124079073792e-05,0.9987338568993954,0.0011311141910359105,6.111533558558275e-05,1.5873151568166474e-05,5.854208339123811e-06
8.996847782518625e-08,8.441136364448455e-09,8.279461074132152e-08,2.984890765611382e-07,5.414448703981422e-10,9.038519801405554e-10,2.3161116447116725e-09,3.6209105599628497e-09,4.9884524483290174e-09,7.403662051540784e-09,9.947672102330324e-09,1.0351264398974e-08,1.1193678672704889e-08,1.6569761577298947e-08,2.396995478316813e-08,2.7456439304916497e-08,2.940114659247658e-08,5.21647354447353e-08,5.812419369299429e-08,6.029270133720126e-08,6.25615920460876e-08,6.493854500186967e-08,7.277187353558267e-08,8.51746175946252e-08,1.2775877516390567e-07,1.6048414516522962e-07,1.6832738633699075e-07,1.8578506318423058e-07,2.165868317227367e-07,3.838800706012923e-07,4.3926330125046207e-07,1.0808921067065424e-06,3.542539535182022e-06,4.273783336631398e-06,2.251723378196519e-05,0.0011331809374568258,0.998606752524858,0.00019466803643543678,2.390152493793898e-05,7.313473306800613e-06
9.400417438351182e-08,8.246759111775725e-09,8.63499774422642e-08,3.243630123355757e-07,5.296976313485282e-10,8.863588357073555e-10,2.273401291836741e-09,3.551045445934864e-09,4.886706438269809e-09,7.239052426863284e-09,9.707590614967373e-09,1.0098427318811594e-08,1.091355087348123e-08,1.6100394627710526e-08,2.3197859712829654e-08,2.6525185918403236e-08,2.8376951908144797e-08,4.991065973425159e-08,5.549920426861297e-08,5.752840416519164e-08,5.964912229215585e-08,6.186820062022694e-08,6.91630302533733e-08,8.065843435748092e-08,1.1974927539780501e-07,1.493682954628035e-07,1.5641905850898542e-07,1.72044721562166e-07,1.994207017220457e-07,3.4458571738480963e-07,3.9143968152669104e-07,9.082432101003941e-07,2.6053504220285493e-06,3.048829581988658e-06,1.0810443763897482e-05,6.091349346658371e-05,0.00019699501384429772,0.9996335504304021,7.601942881140398e-05,1.2521568121729358e-05
1.0056209972853729e-07,7.969402964887885e-09,9.210760481184198e-08,3.6984781660984033e-07,5.126611113235537e-10,8.610191723561983e-10,2.2117466770641235e-09,3.4504865788103445e-09,4.740668820471846e-09,7.003762902358502e-09,9.365837709879166e-09,9.73874218896263e-09,1.0515554106859739e-08,1.5438088428773753e-08,2.2116956394319375e-08,2.5225996190245842e-08,2.6950771724893947e-08,4.6822504038902016e-08,5.1916622629813386e-08,5.3760785550310604e-08,5.568506421517962e-08,5.769525768809659e-08,6.428064185738148e-08,7.459028472482353e-08,1.0919322906958626e-07,1.3491551982239767e-07,1.409833524755404e-07,1.5435283532133006e-07,1.7755936198454797e-07,2.9684679417057277e-07,3.3410145950426826e-07,7.208200250660178e-07,1.7987360554994446e-06,2.041871891469125e-06,5.436364149352203e-06,1.5758946411965094e-05,2.3906430493440643e-05,7.778486346997659e-05,0.9998166361526525,5.345175196752617e-05
1.1032109654510683e-07,7.623643870228372e-09,1.0063487433306244e-07,4.458497899611229e-07,4.909704365610492e-10,8.288067466968294e-10,2.133720898929851e-09,3.323710164440161e-09,4.5572232907958496e-09,6.709784421014012e-09,8.941114905528876e-09,9.292095107781227e-09,1.002215248603498e-08,1.4624220824269593e-08,2.0802029986284445e-08,2.36525213812702e-08,2.5227608048987492e-08,4.316706105266728e-08,4.7696193385299946e-08,4.932983774963468e-08,5.103115175388185e-08,5.2804840210289916e-08,5.859119019553511e-08,6.75787091187478e-08,9.727786888978955e-08,1.1886376223352253e-07,1.2390225382651546e-07,1.3492950579339094e-07,1.5386764123755138e-07,2.478674119923814e-07,2.7615238912376113e-07,5.511067364861697e-07,1.2074723847332227e-06,1.336031649672081e-06,2.860147817679394e-06,5.742591415616414e-06,7.202362301204825e-06,1.2445832183320432e-05,5.4494734792871856e-05,0.999911838747501
