0.9999881300023055,1.0499732558260537e-05,3.250708198463579e-07,1.8837308071315893e-07,1.3994220519785586e-07,1.0984808628266642e-07,9.563696884989629e-08,4.5016027229986667e-08,3.740812376001519e-08,3.196112259956984e-08,3.1207745429402637e-08,2.368939255583115e-08,2.327841597045665e-08,2.1772158087024372e-08,2.076845524290964e-08,1.7975984194153785e-08,1.7517256735424792e-08,1.7083683935608477e-08,1.6476339337983143e-08,1.5552279986090732e-08,1.4733590901146385e-08,1.2944237951648125e-08,1.2385236027077389e-08,1.2075482478715528e-08,1.1976067395389016e-08,1.1236933406605769e-08,1.1151751774186515e-08,1.0442611560872535e-08,9.888273020110337e-09,9.575556922000531e-09,8.902227883810116e-09,8.462779069067566e-09,7.62875734769711e-09,7.592367135158366e-09,7.3824332882866505e-09,7.184557679766206e-09,7.152662572261878e-09,6.9381406203921205e-09,6.879660390354814e-09,6.850837065209403e-09
1.070918905003533e-05,0.9999875284392954,5.023086977709153e-07,2.6138668636030736e-07,1.8482791152241725e-07,1.3991014865015691e-07,1.1951656676150524e-07,5.154294800729724e-08,4.221683555531124e-08,3.566727345413211e-08,3.4769938371844195e-08,2.5929379158352954e-08,2.545376936236099e-08,2.371679601826556e-08,2.2564906001816992e-08,1.9382806945687447e-08,1.886387994928474e-08,1.8374380005817397e-08,1.769027906084224e-08,1.6652782012501512e-08,1.5737312708095053e-08,1.3748051937772804e-08,1.313050514136607e-08,1.2789091352306917e-08,1.2679633093632366e-08,1.1867547492561753e-08,1.177416930363728e-08,1.0998438349172982e-08,1.0394135240067159e-08,1.0054106753117879e-08,9.323992460022752e-09,8.849083204689464e-09,7.951188392406775e-09,7.912127249815145e-09,7.686968040622037e-09,7.475014750220567e-09,7.440875667272558e-09,7.211447534410622e-09,7.148962493950081e-09,7.1181738613041415e-09
4.18598524580803e-07,9.481083506473325e-07,0.9999930079629842,3.0500953361864377e-06,9.576479900461107e-07,4.973471867557435e-07,3.6179967978664635e-07,8.88899036497034e-08,6.791158149527834e-08,5.447677932139924e-08,5.2715096080905394e-08,3.634924227243027e-08,3.552909086602324e-08,3.257880044315696e-08,3.066181798233315e-08,2.5522388496767337e-08,2.4709335975391576e-08,2.3948577274900244e-08,2.2895354124338856e-08,2.1318731234621126e-08,1.9950033196193372e-08,1.704435437351342e-08,1.6164460582046415e-08,1.568230749484172e-08,1.5528379050615145e-08,1.4395625268442242e-08,1.4266502051963286e-08,1.320250319359916e-08,1.2384503202706087e-08,1.1928680069936233e-08,1.0960089546249166e-08,1.033794183741651e-08,9.178185960645786e-09,9.128283126858399e-09,8.84149348381847e-09,8.572800572595985e-09,8.529638580781112e-09,8.240441599428089e-09,8.161947717105379e-09,8.123312596529747e-09
1.8813130820671885e-07,3.0562544521658327e-07,3.897493731713226e-06,0.9999852339627743,7.073851653194547e-06,1.5137027123044852e-06,8.765386390882029e-07,1.2201681433479609e-07,8.92064943570698e-08,6.927542272534864e-08,6.67298175100997e-08,4.3840936729453625e-08,4.274161787841154e-08,3.882096293602965e-08,3.6302927847250784e-08,2.9661664857373648e-08,2.862909105825427e-08,2.7667337144041738e-08,2.634283863447225e-08,2.4374452817548735e-08,2.2681204136886568e-08,1.9131715109367836e-08,1.8071719363729395e-08,1.7493710279511566e-08,1.7309609245226903e-08,1.5960778737631004e-08,1.5807754159773796e-08,1.4552339950219289e-08,1.3594044554621854e-08,1.3062862519984055e-08,1.1940427733171331e-08,1.1224390220059294e-08,9.899662473010744e-09,9.842996480511936e-09,9.51785905744559e-09,9.21400206902418e-09,9.165261279080133e-09,8.839202823289542e-09,8.750865313595231e-09,8.707409653298315e-09
1.251904102293811e-07,1.8434923612891107e-07,9.641410555362233e-07,8.214223794765242e-06,0.9999799221912816,7.060670643135587e-06,2.4754748444493095e-06,1.5683256514139756e-07,1.1058530670735848e-07,8.358515195626086e-08,8.020881404133087e-08,5.0621193290134214e-08,4.9248949288315894e-08,4.438776868911798e-08,4.129408166722229e-08,3.323906190077451e-08,3.2003873074988484e-08,3.085750591513761e-08,2.928527705801292e-08,2.6961833218470778e-08,2.4977315062019084e-08,2.0857913108714494e-08,1.9640998583356894e-08,1.8979927250360114e-08,1.876974462879543e-08,1.7235029898252144e-08,1.7061553750590045e-08,1.5643128087157838e-08,1.4566295931472377e-08,1.3971814454405766e-08,1.2720939757654306e-08,1.1927092838229204e-08,1.0466742110772882e-08,1.0404553665591761e-08,1.004816000863243e-08,9.715719317936643e-09,9.662450128563708e-09,9.306526922704657e-09,9.210230021973146e-09,9.162878933227395e-09
9.083608198431857e-08,1.261389140875044e-07,4.642789915707808e-07,1.5071934214240394e-06,8.272670009930237e-06,0.9999642513648033,2.405742286629203e-05,2.0378034849351063e-07,1.3840762634689697e-07,1.016000255247764e-07,9.709518402230505e-08,5.865149177445824e-08,5.693426318992956e-08,5.0893296801121266e-08,4.708531437615833e-08,3.730212043570849e-08,3.5823603139357546e-08,3.445651011802324e-08,3.2589607933636024e-08,2.984663249920499e-08,2.7521003229863665e-08,2.274222048209505e-08,2.1346312593220377e-08,2.059094969167206e-08,2.0351224084089934e-08,1.860684199707618e-08,1.8410405065444837e-08,1.6809739583511448e-08,1.5601291433418235e-08,1.4936893199980557e-08,1.3544898177043841e-08,1.2666108396792755e-08,1.1058741729455143e-08,1.0990602146695864e-08,1.0600576881032544e-08,1.0237452125355292e-08,1.0179328525235805e-08,9.791434778397624e-09,9.68663242445825e-09,9.635121184293983e-09
7.5754822915272e-08,1.0231124154181104e-07,3.249943973537041e-07,8.279713633411012e-07,2.483884140601673e-06,2.498869689178866e-05,0.9999698258769112,2.4357362107750887e-07,1.6153131160013744e-07,1.161929264611e-07,1.1071985550006678e-07,6.48290441038129e-08,6.283237265819524e-08,5.584159410848445e-08,5.1463702014374163e-08,4.03183193825135e-08,3.8650846251546634e-08,3.711298821007476e-08,3.5019041511133403e-08,3.195465482554543e-08,2.9369662514236246e-08,2.40945934235258e-08,2.2565577212807214e-08,2.1740363666411573e-08,2.147879704783538e-08,1.9579937475771846e-08,1.9366649948405147e-08,1.763270717791257e-08,1.6328557738782538e-08,1.561354001682686e-08,1.4119824152540504e-08,1.3180138248525006e-08,1.1467990751417978e-08,1.139563103926477e-08,1.098178252199834e-08,1.059696451082109e-08,1.0535412483081141e-08,1.0124968565473583e-08,1.0014174915139988e-08,9.959734976876331e-09
3.343560478228163e-08,4.1579972086340626e-08,9.104929658002587e-08,1.565401769919655e-07,2.60597210042557e-07,5.277742287722024e-07,1.0758573569058374e-06,0.999991353929554,3.611023626455416e-06,7.516472021812614e-07,6.493092870392686e-07,1.8348542361747397e-07,1.7323191916007797e-07,1.404313319731743e-07,1.2217073711745815e-07,8.215872145314904e-08,7.699377796502311e-08,7.239457411027002e-08,6.637284252823269e-08,5.801449132089465e-08,5.139742243706625e-08,3.898409432075119e-08,3.5683917809066734e-08,3.39529755050876e-08,3.341157323793702e-08,2.957797181895407e-08,2.915865546207305e-08,2.582974011687935e-08,2.3419238948039806e-08,2.2133104815533493e-08,1.9520604364417998e-08,1.7930830866739975e-08,1.5135563850953125e-08,1.502062856889057e-08,1.436799495813692e-08,1.37679272467643e-08,1.3672551537823074e-08,1.304100279693326e-08,1.2871886285783981e-08,1.2788993017355069e-08
2.551060935088104e-08,3.097558475755497e-08,6.064317763819596e-08,9.300804483295359e-08,1.3380540561095522e-07,2.0467681111864822e-07,2.878022839180778e-07,5.094669843848246e-06,0.9999863473010178,3.2586471496301703e-06,2.4439064913245842e-06,3.0497522711357877e-07,2.8325555682819074e-07,2.171173822280344e-07,1.825641359434653e-07,1.1260083719354251e-07,1.0427175167520842e-07,9.698294703370124e-08,8.762058032785108e-08,7.494930173937794e-08,6.521242944797976e-08,4.762355380307298e-08,4.313236246452447e-08,4.080642977612981e-08,4.008317334604388e-08,3.501611218012039e-08,3.4468253310370507e-08,3.016242372471602e-08,2.7094264705860986e-08,2.5475888126651966e-08,2.222636264255547e-08,2.027623123616959e-08,1.689626260581828e-08,1.6758856347734304e-08,1.598091103459579e-08,1.5268837757671713e-08,1.515594491371938e-08,1.4410505763665807e-08,1.4211535670765693e-08,1.4114105176826676e-08
2.0320047912431135e-08,2.425545613007734e-08,4.408408875665167e-08,6.330239251901413e-08,8.479347211989315e-08,1.1683604060875025e-07,1.483882807450181e-07,7.88794112832512e-07,4.3770519421240864e-06,0.9996779155122523,0.0003133699040211114,5.640057165804651e-07,5.122866933861874e-07,3.63577470769862e-07,2.9178442376259047e-07,1.6007898690059877e-07,1.4599527170083856e-07,1.3393354911513345e-07,1.1880283978895037e-07,9.894231267887005e-08,8.422195901518188e-08,5.878546423662871e-08,5.2593426337627806e-08,4.943321708350468e-08,4.8457060699599055e-08,4.170016912050973e-08,4.097905837805614e-08,3.5374173850143506e-08,3.145070558368116e-08,2.9407127988900296e-08,2.535513409534714e-08,2.2959952897435692e-08,1.887156343187039e-08,1.870734220409706e-08,1.778043101227558e-08,1.693603217807779e-08,1.6802517809630163e-08,1.5923499764567798e-08,1.5689665374890766e-08,1.55752797386294e-08
1.962311760360509e-08,2.3366387812135127e-08,4.203847868160849e-08,5.985951098461432e-08,7.949502162246086e-08,1.0824886490977566e-07,1.3603031865022891e-07,6.597862037456097e-07,3.101104491505718e-06,0.000313812670140743,0.9996786609049736,6.329802278040473e-07,5.725494206754992e-07,4.0022829411164586e-07,3.1812751079172596e-07,1.7041512815334777e-07,1.5495982672917195e-07,1.4177908572214316e-07,1.2531962575221944e-07,1.0384385749142089e-07,8.803387242089797e-08,6.093386401629698e-08,5.43950408496764e-08,5.106666201774191e-08,5.003982572373351e-08,4.294726259822617e-08,4.219206870869212e-08,3.633377557893822e-08,3.2245672523734663e-08,3.012101033435248e-08,2.591740453843592e-08,2.3439291520925166e-08,1.9220362030172983e-08,1.905123994895627e-08,1.8097162046433342e-08,1.7228711849827652e-08,1.7091453666747394e-08,1.618826158790545e-08,1.5948132241697742e-08,1.583068818923633e-08
1.3441302735481421e-08,1.565254765289798e-08,2.5786961651926715e-08,3.433727194168061e-08,4.2793092353774277e-08,5.3722062036886044e-08,6.293762321041426e-08,1.856616872377383e-07,3.6953757553436334e-07,1.0032170155979913e-06,1.2602219754713258e-06,0.9996250964862007,0.0003592431683678096,6.748365280619957e-06,2.824294263536794e-06,5.517267546701479e-07,4.6158694693018753e-07,3.9351944745656044e-07,3.1834562667235416e-07,2.3403289022792694e-07,1.8137250261181146e-07,1.0614040112821324e-07,9.094776487063186e-08,8.358394669679105e-08,8.136182450022676e-08,6.659610714030667e-08,6.508830992926554e-08,5.378797899876988e-08,4.631784205372164e-08,4.2577366889399407e-08,3.543973681956507e-08,3.140671438442705e-08,2.482404661066628e-08,2.4568664653558835e-08,2.3139526976012264e-08,2.1854697091139857e-08,2.1653044155606242e-08,2.0336141065492653e-08,1.9989051841113683e-08,1.9819746168169832e-08
1.3100508953935622e-08,1.5234417540059743e-08,2.4961544094513103e-08,3.3105680414946045e-08,4.110943168618702e-08,5.138405470046659e-08,5.998775068242194e-08,1.720150868401144e-07,3.3243479854816934e-07,8.369648795396166e-07,1.0232556838180766e-06,0.00036002397185141754,0.9996199593256718,1.0462790475336125e-05,3.6958327327619663e-06,6.151018846020328e-07,5.098478096425987e-07,4.3132725002459446e-07,3.4567783619917963e-07,2.5100321816771606e-07,1.9280135510935746e-07,1.1103281376630836e-07,9.479149197928257e-08,8.69529029635547e-08,8.459188617947349e-08,6.895446936610489e-08,6.736331709735955e-08,5.547227399997342e-08,4.764680418441418e-08,4.3740357599515915e-08,3.6307768872595226e-08,3.212247075967344e-08,2.531395385282792e-08,2.5050505390434915e-08,2.3577151544215636e-08,2.2253887438654956e-08,2.204631447217939e-08,2.0691580146244764e-08,2.0334764902126717e-08,2.016075278260933e-08
1.1875955761130693e-08,1.3739702149682762e-08,2.20695147450694e-08,2.885463490958212e-08,3.537882591584593e-08,4.356257772864643e-08,5.0255135108582684e-08,1.3118397310932165e-07,2.3113403374988303e-07,4.7482030844937625e-07,5.510984958023876e-07,7.180659683492077e-06,1.198971713981322e-05,0.9999429358006877,3.168882117453313e-05,1.0194510827852573e-06,8.048526470936045e-07,6.541633971279978e-07,4.998895859739222e-07,3.4127649591903444e-07,2.5111944755852574e-07,1.3418843080572049e-07,1.1269603706009909e-07,1.025202657611485e-07,9.948087911572576e-08,7.963656878010929e-08,7.764872731065534e-08,6.297493816419118e-08,5.350348926874221e-08,4.88370867374135e-08,4.0068306246888475e-08,3.520246338885467e-08,2.7397043056859688e-08,2.7098289477176155e-08,2.5432001707385526e-08,2.394154288584117e-08,2.3708281756899668e-08,2.2189630880942168e-08,2.179078303082509e-08,2.159643545521096e-08
1.1080181115217622e-08,1.2774782922656296e-08,2.0249364549828077e-08,2.6228104357353653e-08,3.1897762616921474e-08,3.890882489791507e-08,4.455932638047968e-08,1.0994221615627554e-07,1.8365890828015594e-07,3.4195463906465086e-07,3.8692048643676517e-07,2.840597566161358e-06,3.8141530304161277e-06,3.347228799758338e-05,0.9999523331718824,1.5967677027357824e-06,1.2022073656782121e-06,9.389523826369198e-07,6.84747465914384e-07,4.4063092538408753e-07,3.1161907002220856e-07,1.5581483008767822e-07,1.290699816469042e-07,1.1660469983552279e-07,1.1290746702521215e-07,8.904674500791751e-08,8.668686744916533e-08,6.943974523216554e-08,5.8479500540143055e-08,5.313589857730913e-08,4.319278081733206e-08,3.773875710996391e-08,2.9085234008347123e-08,2.8756846397063044e-08,2.6928974950420367e-08,2.5299090044039416e-08,2.504446108228569e-08,2.3389823500492832e-08,2.295619326207352e-08,2.274504022807612e-08
9.009235074406483e-09,1.0290548812046045e-08,1.5745312289944857e-08,1.9902592301761988e-08,2.3708455293884506e-08,2.8253967436564876e-08,3.179345722956819e-08,6.895575787107206e-08,1.032244381514293e-07,1.6243173260260112e-07,1.7672540065819686e-07,6.023491213684521e-07,6.901299924866333e-07,1.3417074022536724e-06,2.8650825297458726e-06,0.9998712519487343,9.889171329847291e-05,1.477357963065153e-05,4.6552316173991394e-06,1.6569486547087329e-06,8.607763930391587e-07,2.8578734656401004e-07,2.210443836443094e-07,1.9317712433540772e-07,1.8518532812244224e-07,1.363603682981271e-07,1.3181163271156004e-07,1.0001296900814673e-07,8.11427001876103e-08,7.234621147892033e-08,5.6631020147903764e-08,4.8405605864546776e-08,3.5911715878149605e-08,3.54532617309799e-08,3.2921331040560573e-08,3.06904834629975e-08,3.03442866988917e-08,2.8110837772571443e-08,2.7530313785478692e-08,2.724834166743838e-08
8.672612949727332e-09,9.890009775691876e-09,1.504039827251072e-08,1.893250638961893e-08,2.2474115389900347e-08,2.6679595750853644e-08,2.99362488877495e-08,6.35920551453517e-08,9.363902632991508e-08,1.4394579013352846e-07,1.558278174394643e-07,4.846496637866311e-07,5.467770291270339e-07,9.615901294034049e-07,1.7232053755364016e-06,0.00010058059712225446,0.9997853908427153,9.507980580846365e-05,9.221065715875123e-06,2.37905190302684e-06,1.1125207053591453e-06,3.267340758122272e-07,2.484863980324934e-07,2.1543157200934397e-07,2.0602534321148482e-07,1.492717627135966e-07,1.4405640312536332e-07,1.0795449207417937e-07,8.685334340944232e-08,7.711370854631626e-08,5.986479699326019e-08,5.0926966851754374e-08,3.747502970386223e-08,3.698493267889745e-08,3.4282643586758634e-08,3.19076121390912e-08,3.153955197668345e-08,2.9168593426995225e-08,2.855337179249782e-08,2.82547007182013e-08
8.357685202921127e-09,9.516254898289815e-09,1.4388869811994576e-08,1.8041610749717433e-08,2.1346589589339227e-08,2.5250038050591663e-08,2.825749796376735e-08,5.889636207012498e-08,8.545582851559684e-08,1.2871378211697859e-07,1.3873912046572613e-07,4.0068768836957535e-07,4.4697974220424973e-07,7.353765669160401e-07,1.1901508291808357e-06,1.4886358877263818e-05,9.735981065124859e-05,0.9998437265103165,3.344093404974084e-05,3.6502776372158758e-06,1.4948290795185843e-06,3.7705565429162527e-07,2.813002222329722e-07,2.417074782468718e-07,2.3053668455218534e-07,1.6406423519490375e-07,1.5804809432855056e-07,1.1684852986011232e-07,9.316217113733661e-08,8.234512084153898e-08,6.336573302957519e-08,5.363603597625342e-08,3.913273254495787e-08,3.8608260629128237e-08,3.572134371744724e-08,3.3190586504183176e-08,3.279896257320193e-08,3.0280091629853094e-08,2.9627651076941456e-08,2.931107880646406e-08
7.922016120045999e-09,9.00080068654469e-09,1.350042865885449e-08,1.683585076527086e-08,1.9830069221572227e-08,2.334053722804573e-08,2.602664428979583e-08,5.287631188108519e-08,7.525056091115264e-08,1.1041996343867841e-07,1.1837398463825811e-07,3.1257774577544425e-07,3.443229731176237e-07,5.291846193050707e-07,7.816927408827368e-07,4.7139702801318185e-06,9.378128746323223e-06,3.585072214296412e-05,0.9999335400919173,8.961662520762658e-06,2.610158676633515e-06,4.776165244243369e-07,3.442285966282414e-07,2.911643526057774e-07,2.7641698033749264e-07,1.9071516541706218e-07,1.8316143103149386e-07,1.3236518090811397e-07,1.0396288328237645e-07,9.121883540488105e-08,6.919713447237737e-08,5.8102669616541165e-08,4.181833130967092e-08,4.1236428415847176e-08,3.804200190636514e-08,3.525301898259104e-08,3.4822416558361365e-08,3.205955576433139e-08,3.134591314239112e-08,3.099992912761216e-08
7.278163049900227e-09,8.242239351843132e-09,1.2213109281228723e-08,1.5106579181951285e-08,1.767343654933248e-08,2.0650152777669153e-08,2.2905028832134996e-08,4.484032114678576e-08,6.210752285913168e-08,8.795653097848631e-08,9.36057775086157e-08,2.2001062141154626e-07,2.38676913773256e-07,3.3968223076592157e-07,4.594950012602695e-07,1.6531770825092553e-06,2.4669989783906242e-06,4.017731857203402e-06,1.1473478337676787e-05,0.9999615439256772,1.3791372485899727e-05,7.497724810537223e-07,5.019713203699174e-07,4.1086295930803026e-07,3.86310159975496e-07,2.502852064467901e-07,2.38919168580887e-07,1.65139956466117e-07,1.2604769285684057e-07,1.090837301675987e-07,8.058711680240517e-08,6.668258544548587e-08,4.683284865385476e-08,4.613855507114479e-08,4.234504118728988e-08,3.905662893191947e-08,3.855096026037316e-08,3.5320192961121763e-08,3.448972399276036e-08,3.408769397486424e-08
6.720552947414817e-09,7.588490739508423e-09,1.1123322893228569e-08,1.365974811886787e-08,1.588629975820718e-08,1.8443803120427005e-08,2.0364384970922732e-08,3.8625168541418276e-08,5.232961585017524e-08,7.205844635358445e-08,7.6251537016754e-08,1.6414518728786828e-07,1.7615794110396213e-07,2.380388515687972e-07,3.0548249866435527e-07,8.175487598349514e-07,1.0750935887047294e-06,1.4818870520602067e-06,2.7605494872729523e-06,1.629589016472424e-05,0.999971429558724,1.2835827323295427e-06,7.794652861508363e-07,6.109599131524009e-07,5.672172948624571e-07,3.388453710082199e-07,3.2100667521949027e-07,2.1005244358395412e-07,1.5495643832549976e-07,1.3197842898057448e-07,9.459817901864212e-08,7.700322325855577e-08,5.26421856183357e-08,5.180990048836429e-08,4.728523489177499e-08,4.339274439620517e-08,4.279673155613743e-08,3.9006035291325706e-08,3.8036651435364846e-08,3.75681163310469e-08
5.580806969649716e-09,6.262723931459524e-09,8.974878774419127e-09,1.0858962102206998e-08,1.2477126690276057e-08,1.4300098746578321e-08,1.564582510764699e-08,2.790006848226747e-08,3.631460105556029e-08,4.762352155567445e-08,4.991379704951364e-08,9.328579404680719e-08,9.853919288102791e-08,1.2391477324670515e-07,1.48890043911482e-07,2.937100837506217e-07,3.4651170797616476e-07,4.145729400809946e-07,5.613141702864306e-07,1.0454831363775357e-06,3.1190036114864538e-06,0.9999643380325616,1.5815717642670628e-05,5.19176948112648e-06,4.091193832494019e-06,1.1929627871394638e-06,1.071375275921433e-06,5.01711707382452e-07,3.1192232585161695e-07,2.47233109372184e-07,1.5632519995018232e-07,1.1955306390474612e-07,7.42210705219323e-08,7.279876545218515e-08,6.519980754484287e-08,5.883160161539437e-08,5.7870622181154593e-08,5.1850503628976176e-08,5.033732872563816e-08,4.9609709895234266e-08
5.2265986484861475e-09,5.853113320905211e-09,8.325066425777897e-09,1.0023523569367376e-08,1.1471491108831842e-08,1.3092098780968509e-08,1.4281675163780951e-08,2.4956419397175655e-08,3.2080376222096e-08,4.145053005097688e-08,4.3319898626028136e-08,7.758982831116802e-08,8.158531443800945e-08,1.005154344469221e-07,1.1861195940663435e-07,2.1631901668200816e-07,2.491881380526561e-07,2.897051520285994e-07,3.708586522865288e-07,5.926605790165296e-07,1.120246559041264e-06,1.774675158502313e-05,0.9998983356348009,5.0585116848025e-05,2.315124406574505e-05,2.3375710296719463e-06,2.0242829640845977e-06,7.592532130656227e-07,4.2664007982914815e-07,3.253724926473719e-07,1.9304912158711126e-07,1.4335134286076475e-07,8.518679393543908e-08,8.343021867195207e-08,7.411345702128872e-08,6.639107615115337e-08,6.523282259567101e-08,5.802262552624424e-08,5.622329733524672e-08,5.535993722068658e-08
5.032708133532976e-09,5.629485427206492e-09,7.973648952863741e-09,9.574474019484455e-09,1.0933596549002797e-08,1.2449279292259862e-08,1.3558374855399896e-08,2.3431884571856474e-08,2.992073108526158e-08,3.8359347894666634e-08,4.0029577074104586e-08,7.01402592141308e-08,7.358201591830154e-08,8.973150345919158e-08,1.0494712239235183e-07,1.8440058290341387e-07,2.1016500305267718e-07,2.4135020424309467e-07,3.020800368566451e-07,4.580005309863849e-07,7.763604023818941e-07,5.445973101244174e-06,5.235509038548814e-05,0.9992010917690809,0.00072820183404019,3.965935990746216e-06,3.3196999647055484e-06,1.0219827974015187e-06,5.28398316332664e-07,3.9115408114620105e-07,2.2140520259887496e-07,1.610418107568459e-07,9.288849471905047e-08,9.088327946309848e-08,8.029932615042671e-08,7.15897577522627e-08,7.028869982656971e-08,6.22226182077679e-08,6.02191917591031e-08,5.9259218026192474e-08
4.970889337960263e-09,5.558271811718159e-09,7.862238960590521e-09,9.432519977735152e-09,1.0763947968058746e-08,1.2247024301252522e-08,1.3331177821056624e-08,2.2958209714801396e-08,2.9254386699404888e-08,3.7413567460768696e-08,3.902448649033109e-08,6.791562899045312e-08,7.119768104905004e-08,8.655217074308653e-08,1.0095526837180107e-07,1.7541447408644772e-07,1.99296253019161e-07,2.2805200459943656e-07,2.836129296517918e-07,4.239803910016505e-07,7.000488736766231e-07,4.239092183416232e-06,2.351487964386793e-05,0.00072929839457244,0.9992285209506411,4.7957756700777305e-06,3.969123149713149e-06,1.140140100101892e-06,5.705851373930121e-07,4.175998007359178e-07,2.3223098524785127e-07,1.676490630265239e-07,9.567573157432097e-08,9.357777545089979e-08,8.252331013051079e-08,7.344964535227326e-08,7.209606789247345e-08,6.371667496216077e-08,6.163884245900907e-08,6.064370699667569e-08
4.52105379352486e-09,5.041366344217082e-09,7.0608157272111885e-09,8.417250793442646e-09,9.55615126751697e-09,1.0813970396903172e-08,1.1726748180560917e-08,1.9683727216028353e-08,2.4708765204848818e-08,3.1061502320761336e-08,3.2293943068160393e-08,5.361928469942057e-08,5.593996679668421e-08,6.657843803064589e-08,7.626419731453616e-08,1.231345687674803e-07,1.3712232147646988e-07,1.5341514761730952e-07,1.834023336240901e-07,2.525789437393266e-07,3.6519841451728104e-07,1.1883864258667361e-06,2.5007947778019507e-06,4.624602079064448e-06,5.815165554957902e-06,0.9991505052617747,0.0008267136808389453,3.6930384347307395e-06,1.2068357754846935e-06,7.735942649277049e-07,3.551882094585653e-07,2.3800302443367444e-07,1.2288476567250025e-07,1.1981231073618193e-07,1.038693244978809e-07,9.107714491795116e-08,8.919271612238992e-08,7.767446038318616e-08,7.485926175581516e-08,7.351671348175908e-08
4.469811012198908e-09,4.982623037881219e-09,6.97051590609193e-09,8.303485102862314e-09,9.421405556508801e-09,1.0654828212751729e-08,1.1549142026414294e-08,1.9328516043030884e-08,2.4221865765961766e-08,3.039109605689612e-08,3.1585594974723824e-08,5.2172969381626486e-08,5.440267595901973e-08,6.460160882564434e-08,7.385722044557875e-08,1.1833391716279762e-07,1.3150651820808594e-07,1.4679776567958955e-07,1.7480389084062721e-07,2.388554687055625e-07,3.414762744167391e-07,1.0570877575251297e-06,2.124838321987902e-06,3.750478895355042e-06,4.638326485356718e-06,0.0008273826130511424,0.9991514093936856,4.481058495485893e-06,1.3500912216100255e-06,8.460824994467672e-07,3.765089734141944e-07,2.494857231226854e-07,1.2697740208737551e-07,1.2374879949983734e-07,1.0703023181859406e-07,9.365696712129353e-08,9.169034433144554e-08,7.968990627013286e-08,7.676248851992218e-08,7.536727285699354e-08
4.051942559347473e-09,4.504798642945326e-09,6.24258989929627e-09,7.3916078226773285e-09,8.346237293100963e-09,9.390936030327086e-09,1.0143168502469618e-08,1.6574274256701092e-08,2.0492750467581602e-08,2.532752728296735e-08,2.6249513279625167e-08,4.166745815712924e-08,4.327711253731735e-08,5.051797620548833e-08,5.693212287898694e-08,8.622726892206326e-08,9.443710856833879e-08,1.0374212217973725e-07,1.2021901230719004e-07,1.5579706993955548e-07,2.0740820725704833e-07,4.834402724159863e-07,7.611389167908119e-07,1.0629234929217892e-06,1.2058044169359774e-06,4.731800420725291e-06,6.146327941197853e-06,0.999973053950239,6.647812925821927e-06,2.659737497600757e-06,7.123770539056489e-07,4.07867102526348e-07,1.7546954893813565e-07,1.7019813746013892e-07,1.4351319024653807e-07,1.2286726435878287e-07,1.1988636708011592e-07,1.0202332517836468e-07,9.775472494786177e-08,9.573245255265216e-08
3.734507199326729e-09,4.143147819400329e-09,5.6988019365215485e-09,6.716054371867519e-09,7.554962487960993e-09,8.467138557384274e-09,9.120376987257864e-09,1.4629309238608145e-08,1.7905090758247698e-08,2.1882315820909804e-08,2.2632367962545763e-08,3.490137530989266e-08,3.614829922548015e-08,4.1690984490364937e-08,4.651716851332171e-08,6.779442441787692e-08,7.353422496457089e-08,7.993698414591744e-08,9.102797904263661e-08,1.1411720372563968e-07,1.4572853050081846e-07,2.928017663022003e-07,4.1223473718884775e-07,5.214836909302517e-07,5.677852781950266e-07,1.2842518821390975e-06,1.4660979761604212e-06,9.075337725491448e-06,0.999950801756486,3.114710476042729e-05,1.522869851563268e-06,6.972522536434625e-07,2.422282521409849e-07,2.3370077747551683e-07,1.915751407699081e-07,1.6012758963503784e-07,1.5567543845598176e-07,1.2950365315507797e-07,1.2338477893784079e-07,1.2050406034048023e-07
3.557602783565056e-09,3.9421319310862975e-09,5.399346593595071e-09,6.346221300949872e-09,7.123792421674171e-09,7.966184989497085e-09,8.567584702198932e-09,1.3600026539722976e-08,1.6551966689202672e-08,2.0104531017218522e-08,2.077047670950026e-08,3.153523774293323e-08,3.261355102819513e-08,3.737666593801737e-08,4.148657762581949e-08,5.927651838584039e-08,6.398182001155563e-08,6.918857382911195e-08,7.810935307134018e-08,9.635147380256389e-08,1.2065761367839043e-07,2.272954491922128e-07,3.06698338940136e-07,3.7481757215444894e-07,4.0251849185894065e-07,7.728214604375086e-07,8.534321458579674e-07,2.871621971970751e-06,3.3267364596865027e-05,0.9999545289643452,2.9500853596170413e-06,1.0559958048643452e-06,3.0325556769242126e-07,2.9137151603259593e-07,2.3373682123616383e-07,1.9185236705831822e-07,1.8600955171254695e-07,1.5214556476835743e-07,1.4435434444496375e-07,1.407032535519207e-07
3.189037773135559e-09,3.524657748263887e-09,4.784320813572935e-09,5.591929599955963e-09,6.249219988514428e-09,6.955818899502166e-09,7.456993017005053e-09,1.158289498884484e-08,1.3935775202696171e-08,1.671768488505608e-08,1.7232967371855248e-08,2.5372332041178236e-08,2.6164840927602832e-08,2.962352474916835e-08,3.255660977370892e-08,4.4823883450476755e-08,4.7950401412422686e-08,5.1359507720789347e-08,5.708534318604263e-08,6.842632265384313e-08,8.28440928201032e-08,1.4048577588740212e-07,1.7826338443777927e-07,2.0808690178165046e-07,2.1960214085767768e-07,3.5049113352786897e-07,3.7432753111539334e-07,7.478799452647251e-07,1.79422354256418e-06,4.881566274643311e-06,0.9999796323492673,8.003613863271407e-06,6.018742400046615e-07,5.68940841819225e-07,4.204495362188552e-07,3.231459005986299e-07,3.103008591407728e-07,2.3947459253985247e-07,2.2407053706434267e-07,2.169636064886096e-07
2.953905674094291e-09,3.2591869771488656e-09,4.397654497553872e-09,5.121089212813677e-09,5.7063779563238815e-09,6.332347686136997e-09,6.774414474822588e-09,1.0374015745087278e-08,1.2388995690597988e-08,1.4744400000628429e-08,1.517738452850358e-08,2.191831700144823e-08,2.2563107370561098e-08,2.5356343519415386e-08,2.770005647930495e-08,3.729957371279628e-08,3.9691459278610946e-08,4.2276600325711485e-08,4.6567236480110184e-08,5.4905246579921504e-08,6.521792148217413e-08,1.0429874665490582e-07,1.2818493751299377e-07,1.4627730764759738e-07,1.5309897817274653e-07,2.2576917700433786e-07,2.3809178376327446e-07,4.049858838656246e-07,7.271161695123594e-07,1.1875419761410186e-06,9.729105505008431e-06,0.9999814943977801,1.169859694818577e-06,1.083714719959764e-06,7.260586344239865e-07,5.17514844174782e-07,4.916559319571857e-07,3.5639235352900123e-07,3.2866237865811255e-07,3.1607496634549856e-07
2.5284921652207665e-09,2.78078550861505e-09,3.710455751555178e-09,4.29148257382899e-09,4.756367596724349e-09,5.248821206934521e-09,5.593808232868376e-09,8.345820782500976e-09,9.834393020219325e-09,1.1539266021671752e-08,1.1848510632736662e-08,1.654433350253625e-08,1.6980005984495154e-08,1.8844328082631024e-08,2.0381596340752484e-08,2.646849800674005e-08,2.793036502608423e-08,2.948832371275357e-08,3.202600796524799e-08,3.681351638898462e-08,4.2491025284894295e-08,6.236495739416006e-08,7.333829680377693e-08,8.119160274557593e-08,8.406120755118191e-08,1.1234841496169331e-07,1.1676555502237562e-07,1.6924257751512328e-07,2.4630779901804963e-07,3.2351059802496223e-07,7.200541242559089e-07,1.8825664126168057e-06,0.9983342436718575,0.0016389702984733086,1.1839636931428857e-05,3.674006127841588e-06,3.1889240205013706e-06,1.476301997030851e-06,1.2457770600701854e-06,1.1506884017200358e-06
2.5100185841627305e-09,2.7600644116937686e-09,3.6809520454284524e-09,4.256058094758867e-09,4.715975453663672e-09,5.202956000545381e-09,5.543985428145533e-09,8.261868792442963e-09,9.729712099806735e-09,1.1409296913959393e-08,1.1713775750348865e-08,1.6332115333246945e-08,1.6760029082630395e-08,1.8590180331246022e-08,2.0098139986163658e-08,2.6060391192030977e-08,2.74900948815327e-08,2.901286896537338e-08,3.149131146110579e-08,3.6161308833262515e-08,4.168979053078156e-08,6.097837905068174e-08,7.158426582502418e-08,7.915741084636198e-08,8.192117389841471e-08,1.0908151728888308e-07,1.1330893941188057e-07,1.6329057770098258e-07,2.3599834886904488e-07,3.080556058121209e-07,6.686822335571129e-07,1.6511517193162809e-06,0.0016392692205359062,0.9983276783602811,1.701543717084266e-05,4.256393691148959e-06,3.6602704636579075e-06,1.626860487267537e-06,1.362312570999436e-06,1.2539650715250467e-06
2.4040754955674688e-09,2.641335280267789e-09,3.51239958585193e-09,4.054044076402673e-09,4.485955600464107e-09,4.942146932258273e-09,5.260948286554411e-09,7.787999953772475e-09,9.14074629721831e-09,1.0680509783389814e-08,1.0958712026485756e-08,1.5152077586776086e-08,1.5537695985630767e-08,1.7182077809128494e-08,1.8531282159324617e-08,2.382308208124995e-08,2.508101869406255e-08,2.6416485325939084e-08,2.8580696372501633e-08,3.26309627323539e-08,3.7379761735031085e-08,5.365245045245398e-08,6.239899096077207e-08,6.856847270344718e-08,7.080486343707986e-08,9.242655603430613e-08,9.573402809681826e-08,1.338726010417534e-07,1.8673616432450068e-07,2.3642906388275335e-07,4.577550196178463e-07,9.086205158177748e-07,1.2255986614219395e-05,1.7802700494331963e-05,0.9999332105682776,1.4694277175220805e-05,1.108905222700965e-05,3.3200499130778903e-06,2.614339543948447e-06,2.3393365693909237e-06
2.3056942468815264e-09,2.5312221070385743e-09,3.3567646088875893e-09,3.8680135431967146e-09,4.274581741194636e-09,4.703000473767807e-09,5.001804719692577e-09,7.35827241114905e-09,8.609215933662463e-09,1.0026088360312233e-08,1.0281288847684354e-08,1.4105532992565442e-08,1.4454757859598739e-08,1.5939901154449838e-08,1.7153758128122986e-08,2.1879962978232603e-08,2.299460695463936e-08,2.4174464086953286e-08,2.607906102224122e-08,2.9621785182532228e-08,3.37397594955231e-08,4.7626536263440056e-08,5.494159349571782e-08,6.004599443584599e-08,6.188549751721091e-08,7.941971451895537e-08,8.206192771561181e-08,1.1188926247808419e-07,1.5160052816175867e-07,1.8739482495052152e-07,3.341782228546705e-07,5.847318059472366e-07,3.6973907836263856e-06,4.310575866956153e-06,1.5519311022487043e-05,0.9983957897174323,0.0015576131647557486,9.319984668796707e-06,6.328130053910757e-06,5.382975582399091e-06
2.2899767388205872e-09,2.5136427512778845e-09,3.331978368110197e-09,3.83843088732552e-09,4.241008566761073e-09,4.6650621574352625e-09,4.960728127940746e-09,7.290520237288392e-09,8.525637798387765e-09,9.9234746856067e-09,1.0175119832642023e-08,1.3942560228045157e-08,1.4286212141482738e-08,1.5747030058871306e-08,1.694027160204892e-08,2.1580833803806027e-08,2.267390966407016e-08,2.383040763377832e-08,2.5696146670525403e-08,2.9163272825540242e-08,3.3187936889953515e-08,4.6726149239485446e-08,5.3835214235563556e-08,5.878756798440798e-08,6.057066889485138e-08,7.753034106829103e-08,8.008010971974674e-08,1.0877084771647639e-07,1.4673742398760198e-07,1.8074790569102938e-07,3.1861458934184994e-07,5.485733468333376e-07,3.1918967208056307e-06,3.685534621788438e-06,1.1508879975389176e-05,0.0015580067576366854,0.9983956907033792,1.1995186986724157e-05,7.601656206769796e-06,6.359090417712515e-06
2.1850502556345923e-09,2.396383784435384e-09,3.1671122202542065e-09,3.641996817005736e-09,4.018373117803439e-09,4.413823827961506e-09,4.688960308212442e-09,6.844985067715929e-09,7.977697177792306e-09,9.25283602657506e-09,9.481625199200601e-09,1.2885587329455509e-08,1.319378667384206e-08,1.450016127768668e-08,1.5562954091716576e-08,1.9664888356846525e-08,2.0623221610893717e-08,2.1634094353619355e-08,2.3258403738056e-08,2.6258222090884042e-08,2.9710064818816036e-08,4.113623229811092e-08,4.701626409511488e-08,5.1068937663606224e-08,5.2519699176592833e-08,6.613027179038566e-08,6.814690004791691e-08,9.038732941941648e-08,1.1873287661306632e-07,1.4318723869967782e-07,2.3588628723171262e-07,3.7206711685219084e-07,1.4380539460390705e-06,1.5913174668067512e-06,3.3219049129399393e-06,9.566436800178124e-06,1.2485998189072761e-05,0.9996314567249664,0.00022021544212575206,0.00011838195696685529
2.1566261354551033e-09,2.3646492514339576e-09,3.122637157874474e-09,3.589108602689928e-09,3.958520892438885e-09,4.346387037978261e-09,4.616090365060316e-09,6.72634908278514e-09,7.832295785191932e-09,9.075510070552037e-09,9.298368840407254e-09,1.2608539519469551e-08,1.2907649709760951e-08,1.417452895563127e-08,1.520407832269073e-08,1.916971739659223e-08,2.0094201671497097e-08,2.1068600456788397e-08,2.2632655449741263e-08,2.551650667223801e-08,2.8827313482681174e-08,3.974110735713825e-08,4.532815195157466e-08,4.916837374886841e-08,5.054106088025942e-08,6.337420558161512e-08,6.52686099018463e-08,8.605654453145228e-08,1.123056763675583e-07,1.3474489948221886e-07,2.1848883031069548e-07,3.381106763221761e-07,1.2049915416174493e-06,1.3226044043664698e-06,2.5886797291059286e-06,6.396074227157599e-06,7.717562352945375e-06,0.00022117133186387136,0.9984193871790651,0.0013387586303364848
2.14265674987608e-09,2.3490572943796164e-09,3.1008067939931083e-09,3.563164031344726e-09,3.929173747646267e-09,4.313336682982498e-09,4.580388754567513e-09,6.668348019259561e-09,7.761283683137837e-09,8.989000411958905e-09,9.208983080210835e-09,1.2473735330248853e-08,1.2768452600341286e-08,1.4016257584777626e-08,1.502977160744982e-08,1.8929798865848236e-08,1.9838023667648544e-08,2.0794916051265797e-08,2.233008410285508e-08,2.5158437705140777e-08,2.840191100298708e-08,3.9072143568105385e-08,4.452065080164819e-08,4.826069845473146e-08,4.9596615879815105e-08,6.206503414069908e-08,6.3902275958997e-08,8.40147365270532e-08,1.0929791036370404e-07,1.3081733866529518e-07,2.105406625153732e-07,3.2295342033413076e-07,1.1095004251351273e-06,1.2133619005912292e-06,2.3056859671162593e-06,5.412221263991933e-06,6.415157762361292e-06,0.00011785969270797824,0.001339553083652532,0.9985247193778476
