0.9999744151459525,2.19905405475238e-05,1.9103236326696553e-06,3.212332445887685e-07,1.6920149645850225e-07,1.43985802049611e-07,1.1749767817097489e-07,8.002980664933525e-08,7.392125469160173e-08,5.59871787557898e-08,5.166866617813153e-08,4.166309327341404e-08,3.8588575714114184e-08,3.59598888367324e-08,3.479617685053493e-08,2.8530900277724568e-08,2.7822782588161177e-08,2.715206474497279e-08,2.621051471695873e-08,2.5912651883797363e-08,2.5623235372566955e-08,2.5339439977234286e-08,2.5063651598468e-08,2.4272793799028402e-08,2.3538903409246885e-08,2.2406753736224118e-08,2.1391768945402132e-08,2.0471761730025764e-08,1.9963824417995628e-08,1.9482949104921233e-08,1.8880575091745142e-08,1.8319041379153232e-08,1.7294933813684567e-08,1.636195788631062e-08,1.585111676524056e-08,1.528442987204436e-08,1.3880465549390389e-08,1.3251164651179549e-08,1.3185456541538115e-08,1.2627332649602785e-08
2.2717654331376167e-05,0.9999704341814223,4.933846302554161e-06,4.1600074288952405e-07,2.016359126583399e-07,1.6891232022324913e-07,1.3531966100634341e-07,8.928349743278277e-08,8.202019465923253e-08,6.101657606640464e-08,5.605654705404182e-08,4.46892148845218e-08,4.124153774339556e-08,3.830925864380172e-08,3.7016102091967136e-08,3.010194921277644e-08,2.932686879947368e-08,2.8593816682656124e-08,2.7566573502745154e-08,2.724204994651042e-08,2.6926950770112017e-08,2.6618149650575866e-08,2.631826669076199e-08,2.5459331720654102e-08,2.4663708783038994e-08,2.3438860208279582e-08,2.234362647873932e-08,2.1353210292206773e-08,2.080740534325369e-08,2.0291319533586352e-08,1.9645728753657728e-08,1.904481588936475e-08,1.7951107906154822e-08,1.6957311417419247e-08,1.6414254544583385e-08,1.5812734802242916e-08,1.432647880190742e-08,1.3662281583650758e-08,1.3593002335321236e-08,1.3005098819589175e-08
1.8616225025050408e-06,6.200513947000328e-06,0.9999893493537219,7.504832821531503e-07,2.9348299249067386e-07,2.3693985819831693e-07,1.818325062180016e-07,1.1155628716518946e-07,1.0126124775817008e-07,7.245245237023183e-08,6.592869340110089e-08,5.131459171547296e-08,4.7001365578429e-08,4.337213950001613e-08,4.178410830265747e-08,3.3411626647561216e-08,3.2488582236832814e-08,3.161819043795153e-08,3.040278297247279e-08,3.0019875657254306e-08,2.9648611100697316e-08,2.9285187222293587e-08,2.8932741390298914e-08,2.792563405789554e-08,2.699611893725165e-08,2.557101055496473e-08,2.4303288760168748e-08,2.316221646169456e-08,2.2535671448887048e-08,2.1944688758058594e-08,2.1207411810593515e-08,2.0523194775324144e-08,1.9282813421687847e-08,1.8161474776093447e-08,1.755111624188687e-08,1.687703357705193e-08,1.522019983093608e-08,1.4484079099356531e-08,1.4407454143243939e-08,1.3758403343078689e-08
3.3374788107111e-07,5.432285142888472e-07,2.4970126882449757e-06,0.999992341396817,1.3354217416487526e-06,8.369922225995013e-07,4.998556010262483e-07,2.1698891999182257e-07,1.8793151907755835e-07,1.1653194254884964e-07,1.026768043467576e-07,7.39415482110073e-08,6.617803139133974e-08,5.985931583317333e-08,5.715952394452342e-08,4.350706692347473e-08,4.207367478122261e-08,4.073348568284224e-08,3.888071219809792e-08,3.83015513802674e-08,3.7742212137995375e-08,3.7196464714702174e-08,3.6669221014472177e-08,3.517252158016745e-08,3.380492335454785e-08,3.1731732773174324e-08,2.9913524116662516e-08,2.829752811974945e-08,2.7418894318582275e-08,2.6595559012656565e-08,2.5575852782035572e-08,2.4637001305662196e-08,2.295283806557393e-08,2.1450614436659332e-08,2.0641270147116374e-08,1.9754236211856015e-08,1.7603272965701313e-08,1.6661830674166353e-08,1.6564342585999437e-08,1.5742405320354074e-08
1.355577532134922e-07,1.8432668629561218e-07,3.635808525591363e-07,3.4292912567669527e-06,0.9999700565632323,2.0749845222892718e-05,2.642828794272888e-06,4.6665688857772296e-07,3.7609970512173857e-07,1.899290088157511e-07,1.6078037378876104e-07,1.0548013828974386e-07,9.199297996464554e-08,8.139891851904226e-08,7.698613108644232e-08,5.559322127147875e-08,5.345923716363115e-08,5.148075085160652e-08,4.877232295520258e-08,4.793218511983995e-08,4.712395805719094e-08,4.633784078783164e-08,4.558123174078283e-08,4.3447092669488325e-08,4.151592634350179e-08,3.861994606073259e-08,3.6114590481934474e-08,3.391457891758148e-08,3.272959415687222e-08,3.162607816514673e-08,3.026869883616943e-08,2.9028224557686796e-08,2.682469590951778e-08,2.488358110881468e-08,2.3847692349969798e-08,2.2720362362091948e-08,2.0020116411939244e-08,1.885437583019817e-08,1.8734233978344778e-08,1.7725560559924232e-08
1.0503159677233053e-07,1.380528087840855e-07,2.4527792780098816e-07,1.2069602933339615e-06,2.3315236961034158e-05,0.9999634740956201,8.577203832840915e-06,6.48464226852158e-07,5.053208044998069e-07,2.311982985152722e-07,1.9235031946426486e-07,1.21176014677694e-07,1.0455170149276304e-07,9.167492000774367e-08,8.636501257716495e-08,6.103649055680323e-08,5.856140743597763e-08,5.627410922179083e-08,5.3154714931880995e-08,5.2189956630808086e-08,5.1263252325988665e-08,5.0362946437345625e-08,4.949770762581088e-08,4.706307549256782e-08,4.486820509676869e-08,4.159025296702253e-08,3.8769203392229065e-08,3.630332772517681e-08,3.497990452828336e-08,3.3750371021595075e-08,3.224190022449581e-08,3.086722757074998e-08,2.8434302644636528e-08,2.630117061670083e-08,2.516690279126172e-08,2.3935783825262047e-08,2.1000405667734223e-08,1.973967702712391e-08,1.9609977482834685e-08,1.85227752094088e-08
7.708330217376228e-08,9.801451054630075e-08,1.5889743824462216e-07,5.326635879035227e-07,2.6752758373281545e-06,1.156568739832229e-05,0.9999807546061461,1.1554795928660707e-06,8.448438098903632e-07,3.1830087574848096e-07,2.567690543346361e-07,1.5063582082176369e-07,1.2763446218495965e-07,1.1022813975105481e-07,1.0316936560526958e-07,7.037626935058537e-08,6.72780463540191e-08,6.442969621353904e-08,6.056828851952302e-08,5.9379648880080077e-08,5.8240646070255306e-08,5.7136131729366685e-08,5.607710602658397e-08,5.3108601098157346e-08,5.0448117699557275e-08,4.650044214715887e-08,4.313069251518961e-08,4.020631310698702e-08,3.864558571254642e-08,3.720089639786573e-08,3.543557285625615e-08,3.383383575135437e-08,3.101514404858165e-08,2.8561618556369388e-08,2.726418191164215e-08,2.5861674911255586e-08,2.2540916580397156e-08,2.112583688993349e-08,2.0980652258791583e-08,1.9766543286544338e-08
4.5944702632376934e-08,5.6089555837162646e-08,8.220793237123662e-08,1.9885894574622534e-07,5.422136332040523e-07,9.590081840699417e-07,3.779381368359085e-06,0.9999429503556728,4.754203607802997e-05,9.274489235590232e-07,6.447844272694237e-07,2.7974529371594843e-07,2.2210655259613835e-07,1.820338662004959e-07,1.6670720287896075e-07,1.0154155525700046e-07,9.60199323645779e-08,9.102286988617369e-08,8.436999857610832e-08,8.235074405649611e-08,8.042952124766831e-08,7.857677048944069e-08,7.681238826245397e-08,7.192211971897169e-08,6.761394618487611e-08,6.133930841701402e-08,5.6107138776156795e-08,5.1657391657179836e-08,4.931933544096194e-08,4.717687326771244e-08,4.458763017088488e-08,4.22661040851301e-08,3.824304342252844e-08,3.4808464425737446e-08,3.301862602368879e-08,3.110435467791919e-08,2.6653459163566418e-08,2.4794869509615886e-08,2.4605496373009206e-08,2.3031397584569085e-08
4.067728702799126e-08,4.923730071861164e-08,7.073597691498373e-08,1.6082758526602657e-07,3.911709622736512e-07,6.225213606961638e-07,1.5941928398672928e-06,4.986576562993718e-05,0.9999425195894878,1.2927460340288225e-06,8.583469440194303e-07,3.3492772065317726e-07,2.606133461241919e-07,2.1015844291369135e-07,1.9118238153884486e-07,1.1245662559130874e-07,1.0600122076507794e-07,1.0018469949715263e-07,9.247979048303926e-08,9.015041795462031e-08,8.793861063676322e-08,8.580877097652652e-08,8.378445086468187e-08,7.819107095210384e-08,7.328705181959987e-08,6.618084784815614e-08,6.029364388797873e-08,5.531471831867975e-08,5.270995130440268e-08,5.032972599578768e-08,4.746185223173072e-08,4.48988947484901e-08,4.0476002534715944e-08,3.6720051496364987e-08,3.4770589355039536e-08,3.269165369024738e-08,2.7881435049789033e-08,2.588384684761081e-08,2.568069369280047e-08,2.399480856207457e-08
2.7503264520955e-08,3.2554230275756124e-08,4.447476610020963e-08,8.789906177151972e-08,1.722144552440992e-07,2.3393460733909356e-07,3.9380004123009474e-07,1.749569653954113e-06,4.124718686893689e-06,0.9999615426977486,2.6973931501045593e-05,9.526561847953846e-07,6.26178634705785e-07,4.464101603867741e-07,3.87274811173869e-07,1.8195792743378642e-07,1.683884411216285e-07,1.564779641737875e-07,1.411565933841304e-07,1.3662887927146134e-07,1.3237820622727996e-07,1.2832039707703816e-07,1.2450485808259305e-07,1.141443995914991e-07,1.0529631037934979e-07,9.282998706925026e-08,8.28535484379631e-08,7.466000298694813e-08,7.046776929708167e-08,6.669082378940181e-08,6.220901956908385e-08,5.826847582398221e-08,5.1607651154926e-08,4.609551591443275e-08,4.328904311522798e-08,4.033709416772171e-08,3.366209554034621e-08,3.096005641896835e-08,3.0687611657426834e-08,2.8443357083067773e-08
2.4283907550305604e-08,2.855464197514495e-08,3.845619516916928e-08,7.30824034915223e-08,1.3536125025366646e-07,1.7742221230374158e-07,2.7668840754893253e-07,8.729538440154853e-07,1.493122375278797e-06,3.0096318210501766e-05,0.9999607600924943,1.473725753177573e-06,9.005933848268019e-07,6.069235949714712e-07,5.152914340158664e-07,2.18542562408315e-07,2.0071971402666704e-07,1.8523170126833077e-07,1.6553130116479604e-07,1.5976029337453706e-07,1.543665478605362e-07,1.4923358754486766e-07,1.4442752192705383e-07,1.314629358775132e-07,1.2050211775472317e-07,1.052203658156605e-07,9.315128587800168e-08,8.334857177414362e-08,7.837542440102557e-08,7.391880798551034e-08,6.866074352124607e-08,6.406581993786767e-08,5.6358215642662876e-08,5.004071121134709e-08,4.6847205124467506e-08,4.350523967786589e-08,3.6010986292487815e-08,3.3005584600220666e-08,3.270350624220764e-08,3.022183200996226e-08
1.7793605450382986e-08,2.0636054935535914e-08,2.699042567534767e-08,4.754449494744134e-08,7.987877643892536e-08,9.900989370696344e-08,1.3826965842168075e-07,3.086947875975621e-07,4.12946636171439e-07,1.667105062066756e-06,4.887898328470918e-06,0.9999655794679282,1.6590155195242557e-05,3.557884338561171e-06,2.342278864350344e-06,4.479585953637607e-07,3.953716717634362e-07,3.5212763262492646e-07,3.003321322870016e-07,2.8583798503894855e-07,2.7258504008313384e-07,2.60185333301193e-07,2.4880871992145557e-07,2.1910089035698748e-07,1.951604828823088e-07,1.6339732483360157e-07,1.3975983035319955e-07,1.2146713050161707e-07,1.1251149445491021e-07,1.046619038623101e-07,9.561469878607254e-08,8.790018362787354e-08,7.534708390773455e-08,6.543327969238123e-08,6.055565554239811e-08,5.55470327469963e-08,4.465554676676709e-08,4.043304963577863e-08,4.001333411318857e-08,3.659748026290065e-08
1.5786144061962465e-08,1.8219325742879222e-08,2.358897934583401e-08,4.047242822856124e-08,6.580143798922615e-08,8.014051101045706e-08,1.0834732875449248e-07,2.1915495150219455e-07,2.791759738950659e-07,8.089783659179877e-07,1.5045896083889723e-06,2.0823107867846335e-05,0.999948665421321,1.5096201173774808e-05,6.831800515677207e-06,6.342315385272319e-07,5.479672682779012e-07,4.788275819851731e-07,3.9836410592250733e-07,3.763418968808634e-07,3.564243982563171e-07,3.379298239490552e-07,3.2113398225285385e-07,2.779466902808497e-07,2.439552202309394e-07,1.9989537997588111e-07,1.6804360756763857e-07,1.4395459625735956e-07,1.3236040487047632e-07,1.2230222512767992e-07,1.1083490376787306e-07,1.0116754994845235e-07,8.565417586450665e-08,7.361011564491014e-08,6.775743559387409e-08,6.179877006712775e-08,4.901741666479701e-08,4.4137190656910494e-08,4.365450778346174e-08,3.974253131111458e-08
1.4144067019568316e-08,1.625674412278818e-08,2.086829276359838e-08,3.502544768050687e-08,5.545342878973616e-08,6.662081942069655e-08,8.789270007543803e-08,1.6571680692771306e-07,2.0428996330540163e-07,4.922122249424659e-07,7.789922991215738e-07,3.741867125981826e-06,1.9260820243674562e-05,0.9998590174710926,0.00010887684973437407,9.360448110150659e-07,7.886222008253253e-07,6.735664008746298e-07,5.438235368557494e-07,5.091923558107553e-07,4.78267127042757e-07,4.497898213491094e-07,4.2423698946918735e-07,3.596779800820922e-07,3.102324483132463e-07,2.478448773608347e-07,2.04216129409449e-07,1.7207606383766495e-07,1.5690197515748172e-07,1.4388949670002365e-07,1.292322349102085e-07,1.1703008010438245e-07,9.774555472688466e-08,8.304934933118026e-08,7.60031929864971e-08,6.889498953657203e-08,5.3867590798725445e-08,4.8221533085524e-08,4.766602286906276e-08,4.318334006958777e-08
1.3431750095906328e-08,1.5409637123702224e-08,1.9705954335407087e-08,3.275653728454979e-08,5.127173175075816e-08,6.124475975588056e-08,7.999087303843238e-08,1.466763111172859e-07,1.785617448405715e-07,4.035171246473678e-07,6.058951114676858e-07,2.3318264368196323e-06,7.397631509412852e-06,0.00011176608630792987,0.9998685432846645,1.1566415020983755e-06,9.61483415525217e-07,8.108706152867949e-07,6.436304751192938e-07,5.995715701772157e-07,5.605004199401237e-07,5.246767120107837e-07,4.927463674853387e-07,4.1284767358032596e-07,3.525680169659019e-07,2.7763939484076386e-07,2.2620374570142407e-07,1.888607243759772e-07,1.7141633257241334e-07,1.5655138363598354e-07,1.3991690117130006e-07,1.2616265601204043e-07,1.0460242788107922e-07,8.833450068941195e-08,8.059027527907044e-08,7.281564867979987e-08,5.650429822514095e-08,5.042742385462974e-08,4.9831152418379834e-08,4.503035670006696e-08
9.986141614588822e-09,1.1353259796796534e-08,1.4252010114417334e-08,2.2615482689207673e-08,3.3566491099873217e-08,3.908180954214588e-08,4.8880661824623024e-08,8.010398578251468e-08,9.304671704192025e-08,1.6935536839701523e-07,2.1999566314577212e-07,5.059332005033578e-07,8.48145235964366e-07,1.678182972232892e-06,2.774961580001357e-06,0.9998220518811824,0.00011918942334196073,2.2025115811975746e-05,6.925336409288321e-06,5.367100504098548e-06,4.3234778402309015e-06,3.5356631959169567e-06,2.965771301309192e-06,1.8894953350688417e-06,1.3328133841124064e-06,8.24872091504288e-07,5.721963862390532e-07,4.246181887722548e-07,3.647862192903262e-07,3.1770922477767995e-07,2.6901759454555753e-07,2.3178079147325895e-07,1.7841675630483338e-07,1.4209619575414895e-07,1.2597787741950047e-07,1.1052179303332975e-07,8.028657759233793e-08,6.983375400289043e-08,6.883171137964086e-08,6.091453392354944e-08
9.594552042447887e-09,1.0895757159178757e-08,1.3646250516230249e-08,2.152923255539821e-08,3.17444760978711e-08,3.6845957625935935e-08,4.584822527636023e-08,7.415118918601964e-08,8.568994931295069e-08,1.5229809438461403e-07,1.9509377399864418e-07,4.250132150114698e-07,6.758542851088219e-07,1.2059853901756671e-06,1.777637216667179e-06,0.00012278784389135858,0.9997061333612552,0.00011762307047315872,1.3534885568789741e-05,9.460952332827629e-06,7.107282448246092e-06,5.490797047937255e-06,4.417546408213149e-06,2.573066763420808e-06,1.7251626207431492e-06,1.0045000204227632e-06,6.719762338473676e-07,4.865034411179948e-07,4.134206392858975e-07,3.567755094278649e-07,2.990324000081243e-07,2.554913337447225e-07,1.9406189234959322e-07,1.5298704258401213e-07,1.3497361243376208e-07,1.1783008435170925e-07,8.466706164563646e-08,7.333919229018835e-08,7.225725328109937e-08,6.373381311854392e-08
9.228976269608678e-09,1.0469451298820746e-08,1.3083924401986013e-08,2.052995457329078e-08,3.008485751796174e-08,3.481889514301734e-08,4.312040777486923e-08,6.890137767610978e-08,7.925373937247572e-08,1.3789576607036634e-07,1.745067533348209e-07,3.632374676845566e-07,5.545071161470652e-07,9.218672797262218e-07,1.2706198233843602e-06,2.2059007301543942e-05,0.00012299297950390782,0.9997494920429266,3.8498038115331464e-05,2.1349874772936615e-05,1.3949273416361923e-05,9.667834356671512e-06,7.230264782537115e-06,3.666456288449891e-06,2.305071960853489e-06,1.2459712677192204e-06,7.986267596907783e-07,5.620194409470833e-07,4.7175089270296744e-07,4.029508200723894e-07,3.3393999950116264e-07,2.827042411250049e-07,2.1164382208613677e-07,1.6503157747270412e-07,1.448474085001797e-07,1.2579100475668225e-07,8.935837662813789e-08,7.706952960455488e-08,7.59002902624357e-08,6.67169853892158e-08
8.724507200194446e-09,9.882537243045858e-09,1.2313268664437026e-08,1.9175239635344205e-08,2.7861283992428857e-08,3.211795821447269e-08,3.951867558856098e-08,6.212477341222846e-08,7.101958640529356e-08,1.2018045138939418e-07,1.4975330951382547e-07,2.946792953681576e-07,4.293771507190972e-07,6.635470408515762e-07,8.605074244688643e-07,6.895465195861117e-06,1.3880305816178842e-05,4.3794643037054486e-05,0.9991781643340705,0.0005882130289737948,8.686581541115313e-05,3.868058698152511e-05,2.286300820230379e-05,7.455523819996991e-06,3.932273890025336e-06,1.8067816544238438e-06,1.065555007028813e-06,7.115984486606766e-07,5.843296605375508e-07,4.90171604506539e-07,3.983433489340961e-07,3.319673890357282e-07,2.425343004428596e-07,1.857264827830675e-07,1.6163716913918237e-07,1.3918757660491222e-07,9.70735475180336e-08,8.315231668958774e-08,8.183577784419051e-08,7.1544827648032e-08
8.566844397252888e-09,9.699414292653226e-09,1.2073615478080181e-08,1.8757289357294574e-08,2.7181147857500174e-08,3.129511720057875e-08,3.842863263121231e-08,6.010720673331261e-08,6.858380524961699e-08,1.1508515646617296e-07,1.427460791999909e-07,2.7631593026774773e-07,3.974391478790409e-07,6.025820038522074e-07,7.700056340324173e-07,5.283218227738151e-06,9.508724714976831e-06,2.2531680396405136e-05,0.000592934035083334,0.9990366599553824,0.00020237289400029914,6.676467638945776e-05,3.934919938413257e-05,1.0106036947579696e-05,4.847396672831841e-06,2.0731471905810214e-06,1.1822989088707888e-06,7.737102100301502e-07,6.30084576146309e-07,5.249978295995831e-07,4.235677095753217e-07,3.509659789756945e-07,2.541624441802822e-07,1.9337834787835537e-07,1.6779395076396655e-07,1.4405976188117239e-07,9.982895152149115e-08,8.531026123527347e-08,8.394009393441035e-08,7.324748586790841e-08
8.414195775296477e-09,9.522273416307714e-09,1.1842199134036191e-08,1.8355395310020542e-08,2.6530088347402756e-08,3.0509087296633324e-08,3.73908712348384e-08,5.820242571496057e-08,6.62915099709519e-08,1.1035626828675163e-07,1.3629208023348374e-07,2.5984192116495655e-07,3.6938697296390965e-07,5.506979107882716e-07,6.948754996013562e-07,4.216926708252378e-06,7.0600387228809395e-06,1.4222924010323124e-05,8.871252270613535e-05,0.00020645834042632767,0.999347522799796,0.00021070105084714907,8.994322937358172e-05,1.4816300856539282e-05,6.168058084554505e-06,2.40853189256405e-06,1.320950866096256e-06,8.449395861996862e-07,6.818208869558883e-07,5.639238635611935e-07,4.5141566143684246e-07,3.7173691525804583e-07,2.6668617391513233e-07,2.0152998510466884e-07,1.7431994459929796e-07,1.4919846371818674e-07,1.0270388580196231e-07,8.755294990244422e-08,8.612620538598816e-08,7.501084636004474e-08
8.266048123869947e-09,9.350473292536602e-09,1.1618066124207614e-08,1.7967406172594668e-08,2.5903737657471547e-08,2.975411630261586e-08,3.6396767716400264e-08,5.638953123830951e-08,6.411536582153326e-08,1.059156187910302e-07,1.3026833797027644e-07,2.4477110686675037e-07,3.4414375392537197e-07,5.051514306172398e-07,6.301998763348805e-07,3.4195384387198767e-06,5.4043630584917745e-06,9.683283529992604e-06,3.876528720135892e-05,6.90109713196667e-05,0.0002148949040600148,0.9990382530479671,0.0005783276086316945,2.339588688564334e-05,7.997680550919816e-06,2.813363471808082e-06,1.479878813120147e-06,9.242221592187357e-07,7.387448940546262e-07,6.063481582924719e-07,4.814576668330219e-07,3.9396342405645125e-07,2.7992108583813587e-07,2.1006691205842687e-07,1.8112667964282845e-07,1.545368628347963e-07,1.0566436604049964e-07,8.98550619786115e-08,8.836955415035502e-08,7.681594785010504e-08
8.122498876707345e-09,9.184149249595362e-09,1.1401445111874972e-08,1.759393038932712e-08,2.5303416647457372e-08,2.903194684163544e-08,3.5448891471775286e-08,5.467446818483532e-08,6.20627351735719e-08,1.0178043962981636e-07,1.2469763240901523e-07,2.3115814026331278e-07,3.2175226393667284e-07,4.6577368957608877e-07,5.753455189510715e-07,2.8451485095594832e-06,4.310808615099399e-06,7.156597319737595e-06,2.264285379382331e-05,3.9473511934436865e-05,9.19893600658742e-05,0.0005836862517458597,0.9991792199330645,4.60095712668323e-05,1.0939304905981014e-05,3.339049435584627e-06,1.6718243225464105e-06,1.0161502168342052e-06,8.037010506749095e-07,6.541288421388459e-07,5.148283007668243e-07,4.1838679655329293e-07,2.942264425432053e-07,2.191856357882488e-07,1.8835817167527696e-07,1.6017839092093089e-07,1.087574266253215e-07,9.225034652781046e-08,9.070275702721046e-08,7.868728765856408e-08
7.716766327326877e-09,8.714737834513851e-09,1.0791856633221639e-08,1.6550142757232038e-08,2.3637911988744915e-08,2.7035103991115968e-08,3.284214337789149e-08,5.001945258653922e-08,5.651918253357265e-08,9.084753762003691e-08,1.1013670905000748e-07,1.9688990956885078e-07,2.669683586126928e-07,3.731366481892617e-07,4.4992554367472144e-07,1.7858871845498044e-06,2.4759881081745567e-06,3.5889534157185503e-06,7.362188495128688e-06,1.0085681016037887e-05,1.50132539368696e-05,2.4514765768774224e-05,5.273983909873793e-05,0.9998170941895891,4.9204864096147e-05,6.087309473262772e-06,2.515916546313773e-06,1.3856798290277767e-06,1.0559713787688678e-06,8.346063336222336e-07,6.372511813734472e-07,5.059875093181038e-07,3.4382155280223696e-07,2.500516656390532e-07,2.1257611654078703e-07,1.788767470197491e-07,1.1878370032341355e-07,9.995357731089684e-08,9.820059978471713e-08,8.46642538564276e-08
7.345237917972429e-09,8.285865906726921e-09,1.0237345359744278e-08,1.5610353974849897e-08,2.2154627582792998e-08,2.5265537198680353e-08,3.055041902491444e-08,4.600443029653791e-08,5.1771660030502926e-08,8.176344628404664e-08,9.823153004821342e-08,1.7029603075846838e-07,2.2605315717119963e-07,3.073768768324555e-07,3.63971926081247e-07,1.236824022143896e-06,1.6270944189569564e-06,2.2137647370036924e-06,3.85325028013134e-06,4.800857419549361e-06,6.179050513646823e-06,8.108531499861681e-06,1.1283877275061599e-05,5.604940551925915e-05,0.9998753826306802,1.6008570134879893e-05,4.23374878921999e-06,1.9998498317840445e-06,1.4480681694876468e-06,1.1008731804440482e-06,8.085245093872961e-07,6.237475391608904e-07,4.066743204256766e-07,2.876276137709041e-07,2.415432175236787e-07,2.0086178048139626e-07,1.3015314308653363e-07,1.0857839963102238e-07,1.0658517475159156e-07,9.12829840926771e-08
6.7908177221897296e-09,7.647519240968728e-09,9.416156068720215e-09,1.4235071360976804e-08,2.0011101952961785e-08,2.2722700263648145e-08,2.7286831132514103e-08,4.0408321499592136e-08,4.520676591593075e-08,6.961259996367053e-08,8.257761672715003e-08,1.3721538643249605e-07,1.7707647567431848e-07,2.3245518888153635e-07,2.692090755160683e-07,7.603267205458432e-07,9.427298557909209e-07,1.192863714475441e-06,1.7846659766404046e-06,2.0777187736824572e-06,2.4537770226531454e-06,2.9210760309369785e-06,3.5458704976148225e-06,6.844179694152718e-06,2.186832419543502e-05,0.9999223399888436,1.86284093172331e-05,4.511992561124728e-06,2.82053538677197e-06,1.9358472802417065e-06,1.292583909989613e-06,9.325940844894472e-07,5.552955573905363e-07,3.7069647107962026e-07,3.037815848870744e-07,2.468435982442408e-07,1.5265085898647519e-07,1.2532578425138975e-07,1.2283669876400762e-07,1.0392958482314019e-07
6.30491667703364e-09,7.089772456753317e-09,8.702884244631339e-09,1.3056838875103568e-08,1.8201038268919766e-08,2.058929164251826e-08,2.4576639074943e-08,3.587154538792063e-08,3.993057352904263e-08,6.019310088170027e-08,7.066413000451753e-08,1.1345686457875722e-07,1.4325103903032478e-07,1.8314135881847374e-07,2.087093931751425e-07,5.177586550750621e-07,6.185446216655165e-07,7.485839970712898e-07,1.02727425481282e-06,1.1533579676856e-06,1.3052171868170561e-06,1.4835841261265402e-06,1.7037454850606372e-06,2.7178308379704135e-06,5.156526569670151e-06,2.4543251425997242e-05,0.9999205934656519,1.9163064974089635e-05,7.635206064407224e-06,4.198517330550346e-06,2.365117132168247e-06,1.532281385107825e-06,7.977406768566661e-07,4.927721233416819e-07,3.914685045012943e-07,3.091561779247447e-07,1.8084775347203636e-07,1.4578249627030208e-07,1.4263940242549918e-07,1.19046523096363e-07
5.875490919705123e-09,6.598159043125164e-09,8.077412510455971e-09,1.203590507609166e-08,1.6652071700430075e-08,1.877370216760627e-08,2.229022663786478e-08,3.2121060259589856e-08,3.560020055916585e-08,5.268848347551127e-08,6.131190149185383e-08,9.565442376199755e-08,1.1865400624506613e-07,1.4855420674202897e-07,1.6720788169505844e-07,3.7627005885268156e-07,4.380395900247513e-07,5.14385351549996e-07,6.675320497595178e-07,7.32803516422701e-07,8.083405836267892e-07,8.939010069703907e-07,9.9442253317127e-07,1.409734011602088e-06,2.1614932287734135e-06,5.1900300959206645e-06,2.478506189791494e-05,0.9998502412400335,8.319366827763074e-05,1.4982216415059953e-05,5.40787621323303e-06,2.8900523292292404e-06,1.223070142770977e-06,6.791152560255796e-07,5.184572833591951e-07,3.952514278343823e-07,2.164103699824738e-07,1.7085393437558854e-07,1.6684435007175905e-07,1.371412907580944e-07
5.641176680698056e-09,6.3304539656804834e-09,7.73813786853465e-09,1.1487072018601188e-08,1.582712532250345e-08,1.781074009553567e-08,2.1085367664242957e-08,3.017407895246485e-08,3.3363902844149073e-08,4.8895177201538045e-08,5.663404311179746e-08,8.703723835557243e-08,1.0699043852024943e-07,1.3254596040279176e-07,1.482755321262863e-07,3.1823920298871036e-07,3.661162684473314e-07,4.2413844907079557e-07,5.371597673366405e-07,5.840835913343374e-07,6.374819503215583e-07,6.970486579883507e-07,7.656434890200613e-07,1.0368191222580203e-06,1.4819248876183312e-06,3.018623160144374e-06,8.643319879158011e-06,8.916624883714159e-05,0.9997894060933189,8.163323150804451e-05,1.1469022088297804e-05,4.736380175165081e-06,1.6507985730969352e-06,8.416745275644876e-07,6.237895808201018e-07,4.635873791902883e-07,2.4238449083802164e-07,1.887102704619821e-07,1.8404341634005443e-07,1.4976811577860776e-07
5.4223759457357065e-09,6.0808267720058425e-09,7.422636493573517e-09,1.097990636340125e-08,1.5069771885141874e-08,1.6929205116164823e-08,1.99873052080045e-08,2.841788513251888e-08,3.1353886377624084e-08,4.5534872619401627e-08,5.251890715173176e-08,7.962016326358424e-08,9.70835227399541e-08,1.1915560274888767e-07,1.3258144453741687e-07,2.731844552949573e-07,3.112076173861858e-07,3.5654784311553403e-07,4.428022027047695e-07,4.778710500655834e-07,5.172509673887857e-07,5.606566802921435e-07,6.09865504975625e-07,7.979502723490958e-07,1.08605615527485e-06,1.9673701710027803e-06,4.422982807626005e-06,1.5192402510963048e-05,8.80569534238967e-05,0.9998272666066536,4.2367540455686256e-05,9.055402731530776e-06,2.3356667627709603e-06,1.066817175859111e-06,7.627417957844163e-07,5.500907825085357e-07,2.728807259929775e-07,2.0922410645213304e-07,2.0376285690418605e-07,1.6402494470069802e-07
5.152403777853582e-09,5.773310545304685e-09,7.03515939865255e-09,1.0361417569753067e-08,1.4152862652323197e-08,1.5865327695890372e-08,1.8668622287525266e-08,2.6332620545190122e-08,2.8976391579176836e-08,4.1622072249261564e-08,4.7762594064737006e-08,7.12426350696038e-08,8.60468808932258e-08,1.0447064327794146e-07,1.1552528840082505e-07,2.2729039624446218e-07,2.561635237607611e-07,2.899999616589945e-07,3.527823739615348e-07,3.7775498731933247e-07,4.054160217822227e-07,4.355359659790527e-07,4.691473559121529e-07,5.933888133236657e-07,7.718703165796983e-07,1.2619990577422084e-06,2.3641497593210404e-06,5.430934204373161e-06,1.1796398143505983e-05,4.837590653558924e-05,0.9998663888862106,5.11714645665269e-05,4.1677610173241626e-06,1.5355584033109953e-06,1.031239114327524e-06,7.073893187112208e-07,3.227707408666769e-07,2.4182274323188287e-07,2.3501684371588737e-07,1.861711771663677e-07
4.904510286323679e-09,5.49142236797174e-09,6.681126910011381e-09,9.800509364604714e-09,1.3327654454093019e-08,1.4911029577673125e-08,1.749184795769248e-08,2.4493621569292577e-08,2.6887988252682185e-08,3.8240049596344086e-08,4.368245882802645e-08,6.42219682013724e-08,7.692430996281965e-08,9.25197305073951e-08,1.0176736625996261e-07,1.9251126192596185e-07,2.1506608100918451e-07,2.411297915846009e-07,2.885367299102372e-07,3.0707072950324494e-07,3.273824396569844e-07,3.492943185590716e-07,3.7345154021045876e-07,4.605323113256828e-07,5.799476383835663e-07,8.841480743420564e-07,1.4777706133379808e-06,2.816417221371431e-06,4.738487150176706e-06,9.3099076055408e-06,5.626747917919873e-05,0.9999053393708924,9.351101975930102e-06,2.37760176234606e-06,1.4630320143688361e-06,9.394388692393621e-07,3.8652509721329905e-07,2.81966031398726e-07,2.7337731352864647e-07,2.1268023268230623e-07
4.4656208829939665e-09,4.993538558747936e-09,6.058664733476961e-09,8.824529940170884e-09,1.1906923963713093e-08,1.3275537621553944e-08,1.5489237205566115e-08,2.1413990651619428e-08,2.3409258533675058e-08,3.272611847014372e-08,3.709571508256105e-08,5.3226638294909596e-08,6.288404913487203e-08,7.448046504009078e-08,8.122606496687884e-08,1.4437201077616279e-07,1.5914244972778857e-07,1.7585743267364026e-07,2.0538777749936555e-07,2.1664875449223486e-07,2.2880392802661612e-07,2.4174908540989133e-07,2.5578067927570425e-07,3.0466686899995454e-07,3.6771734104960855e-07,5.139543660011373e-07,7.560256927319476e-07,1.1883609117160856e-06,1.6523199496095036e-06,2.4377883019316113e-06,4.766664956981512e-06,1.3592611729751154e-05,0.999954716112788,1.0005625694953556e-05,3.980240518094998e-06,1.979360989636929e-06,5.865005393877685e-07,3.984841232925946e-07,3.839773017260858e-07,2.854015970707413e-07
4.077786353130463e-09,4.554808380887738e-09,5.513079716778839e-09,7.979368791507047e-09,1.0691608494066938e-08,1.188387802979787e-08,1.379897945088882e-08,1.886205320228502e-08,2.0543968729026734e-08,2.8292741904392567e-08,3.1857782148333194e-08,4.477017080546327e-08,5.228918438701214e-08,6.115103003918491e-08,6.622439408774822e-08,1.1191078229659974e-07,1.2208141704528386e-07,1.3340533458776775e-07,1.5296958789634867e-07,1.6029077951922393e-07,1.6810503904392654e-07,1.7634874378699055e-07,1.8517481812280436e-07,2.1519075494059437e-07,2.522853872107108e-07,3.3312197325668176e-07,4.5372017847586377e-07,6.411363835104244e-07,8.128397283441271e-07,1.0582543478729108e-06,1.5931331411933089e-06,2.665600734183379e-06,1.385017756338295e-05,0.9999252445215274,4.204209850380197e-05,6.674271216238368e-06,9.854895494586408e-07,6.024252841614e-07,5.754777527073062e-07,4.018208219429426e-07
3.869144157472875e-09,4.319279613495343e-09,5.221346917751357e-09,7.531476165867955e-09,1.0053339312125523e-08,1.1155815925376844e-08,1.291993436927754e-08,1.7552553172276133e-08,1.9080061866469543e-08,2.6066600920629277e-08,2.924806447819187e-08,4.065542052836408e-08,4.720167939340229e-08,5.484263867315471e-08,5.918120013400635e-08,9.748233571935043e-08,1.057966295657844e-07,1.1497968994885775e-07,1.3067236988653603e-07,1.3649116170132052e-07,1.4266848773164187e-07,1.491559617652767e-07,1.5606129758723172e-07,1.7928239808419864e-07,2.074195744604818e-07,2.670802632538568e-07,3.5221891303210635e-07,4.773035220420227e-07,5.851836224848533e-07,7.304292659835868e-07,1.0182655239386208e-06,1.5090488991342963e-06,4.369006593092213e-06,4.536170691290716e-05,0.9999101346216418,2.9919905876233244e-05,1.4319016394629515e-06,8.01660078223817e-07,7.605550912714715e-07,5.060398852300068e-07
3.641366972933455e-09,4.062579589650734e-09,4.904394692996197e-09,7.048314549197599e-09,9.369684555702596e-09,1.0378332651560319e-08,1.1985538222848855e-08,1.617503266358296e-08,1.754523535801826e-08,2.3763334454235787e-08,2.6563655577046252e-08,3.649727320637382e-08,4.211013423036998e-08,4.859538326900392e-08,5.224627851590861e-08,8.382524480021418e-08,9.050488904295557e-08,9.782323740204562e-08,1.1019323657982085e-07,1.147384155706241e-07,1.1953811666730716e-07,1.245566439800573e-07,1.2986801665560738e-07,1.4753664055573188e-07,1.6854515663402173e-07,2.1197296326799343e-07,2.7150147956983663e-07,3.54799699937558e-07,4.230910336425915e-07,5.107644777978416e-07,6.725513508571548e-07,9.196891282161145e-07,1.992273024345745e-06,6.732338125609168e-06,3.2524833449320297e-05,0.9999483604773577,2.4991226260681244e-06,1.1994587116637314e-06,1.125135477625004e-06,6.930858808048229e-07
3.1038551594845863e-09,3.458688948725752e-09,4.163097785222291e-09,5.932904419265876e-09,7.811568868349915e-09,8.615929271867217e-09,9.884799257904566e-09,1.3134789497343755e-08,1.4177504211515187e-08,1.882425313973329e-08,2.086421458741667e-08,2.79285550730322e-08,3.178421337530566e-08,3.614139645855196e-08,3.854912127615114e-08,5.8494409142156774e-08,6.248731780134065e-08,6.679036415202341e-08,7.390465275457547e-08,7.647130103006304e-08,7.915317956801947e-08,8.19331654076388e-08,8.484246609056644e-08,9.431977579046992e-08,1.051892702737666e-07,1.2662898784158792e-07,1.539719607282633e-07,1.8920038236857448e-07,2.1580566756722904e-07,2.475976840907066e-07,3.0064861892240294e-07,3.7085910630189394e-07,5.94275377122675e-07,1.084985738033083e-06,1.750092284583357e-06,4.018678327684437e-06,0.9999639574245949,1.2815978432716016e-05,1.0238429483910319e-05,2.8973168247784053e-06
2.8689887883683596e-09,3.1955791883956246e-09,3.841869660970014e-09,5.455335510549022e-09,7.152306115018088e-09,7.873949400614682e-09,9.007080127137377e-09,1.18859233280523e-08,1.2801504405772483e-08,1.684799714420615e-08,1.860424412022582e-08,2.462085194722853e-08,2.785495929110644e-08,3.1474681936048536e-08,3.3458924884068746e-08,4.9590625319414556e-08,5.2744743948308304e-08,5.612033357022992e-08,6.164999534691081e-08,6.362980563618747e-08,6.568954835656674e-08,6.781692807933472e-08,7.003308466667718e-08,7.719076662198973e-08,8.528141656165039e-08,1.009411257994208e-07,1.2035292219881184e-07,1.4457896016635862e-07,1.6232252761527472e-07,1.8298662174853212e-07,2.1629512661873734e-07,2.5836661972612473e-07,3.807227925215367e-07,6.066814541235679e-07,8.505958214756058e-07,1.3986283459815626e-06,1.3710277879987562e-05,0.9982113193036181,0.0017582780300285932,1.1389891546580775e-05
2.844682300284011e-09,3.1683804217788006e-09,3.808733272165807e-09,5.406303335849049e-09,7.084929984186128e-09,7.79826504841516e-09,8.917809981804878e-09,1.1759733067544172e-08,1.2662750024084022e-08,1.6650298358271394e-08,1.8378925381095738e-08,2.4294395709536537e-08,2.7469200636923265e-08,3.101909130321017e-08,3.2963483011399377e-08,4.874162104566995e-08,5.1819341010208476e-08,5.511091193868466e-08,6.049804572402545e-08,6.242538300573447e-08,6.442968278661209e-08,6.64990688125528e-08,6.865384664394524e-08,7.560749536084331e-08,8.345645366851284e-08,9.862084595367785e-08,1.1736780065291748e-07,1.4069417550419586e-07,1.5773013126688896e-07,1.775235306391801e-07,2.0932925417964081e-07,2.493374073215894e-07,3.648163027803828e-07,5.751906271710173e-07,7.986145795087701e-07,1.2885946162941182e-06,1.0737333611567556e-05,0.0017586244340857325,0.9982110996360467,1.4495500527544814e-05
2.6401744855870294e-09,2.939775243556251e-09,3.5307657841691487e-09,4.996770281593779e-09,6.5245389561573166e-09,7.169865758050676e-09,8.17855355350267e-09,1.072086798516057e-08,1.152251476159586e-08,1.5037141100583653e-08,1.6545826325879325e-08,2.166174289203907e-08,2.4372342079863012e-08,2.737904498977189e-08,2.9015055836794473e-08,4.2090651300944725e-08,4.459277326260894e-08,4.725406214863549e-08,5.157807075800682e-08,5.311582249902172e-08,5.470955995342105e-08,5.6350453385228136e-08,5.8052968836127895e-08,6.35109826111082e-08,6.960349283597077e-08,8.120814318424124e-08,9.525429506819032e-08,1.1233205205505314e-07,1.2453457927607179e-07,1.384618036353522e-07,1.603245373882175e-07,1.8699995473679665e-07,2.599262005876558e-07,3.808346323006544e-07,4.961791910873288e-07,7.147800729366211e-07,2.8416266795460787e-06,1.158622603919184e-05,1.4939757217245033e-05,0.9999671282896315
