0.9999876956273211,1.0736079818975451e-05,3.622917948077385e-07,1.602076887936203e-07,1.21453679241211e-07,1.1460313696025255e-07,8.498449627904991e-08,5.228416239344164e-08,5.094782600250346e-08,4.627139467511729e-08,3.2008173773936945e-08,3.152702372322176e-08,2.974749434694844e-08,2.8551377820985966e-08,2.6428191571183848e-08,2.5201102825207692e-08,2.4359904577213736e-08,2.4094235307497513e-08,2.3580263979061357e-08,2.3091079036356937e-08,2.23995589306818e-08,2.133482089967793e-08,2.1135920095979092e-08,2.0941983727285184e-08,1.985475084758278e-08,1.769841130839217e-08,1.6236628243273897e-08,1.6022219618056122e-08,1.5221855475474347e-08,1.4856678521340405e-08,1.3336007486011067e-08,1.3266783784807583e-08,1.2868221344833276e-08,1.2617528215463707e-08,1.1763723992422394e-08,1.1558570400196645e-08,1.1508657752015144e-08,1.1361824344345526e-08,1.1219347515447356e-08,1.0946951815131797e-08
1.1107198795060473e-05,0.9999869407029193,5.57136152039406e-07,2.0941607638380957e-07,1.5264138001692877e-07,1.4295169974479328e-07,1.0220916931020132e-07,5.972839006809396e-08,5.80753125777521e-08,5.2332948940804967e-08,3.520801537539747e-08,3.4645236151513316e-08,3.257080934889338e-08,3.1182944241139676e-08,2.8731851619009002e-08,2.7323342228210762e-08,2.6361192870215146e-08,2.6057941784077675e-08,2.5472026934110545e-08,2.4915390644558873e-08,2.413021023010013e-08,2.292493877617394e-08,2.2700330690208437e-08,2.248151217676547e-08,2.12577256821744e-08,1.884499883358102e-08,1.7221915914490912e-08,1.698475802993008e-08,1.6101362628968463e-08,1.5699363823843617e-08,1.4032099458494648e-08,1.395649850483152e-08,1.3521697985707009e-08,1.3248633107335794e-08,1.2321039583008391e-08,1.2098742419935179e-08,1.2044694208064753e-08,1.1885772401824554e-08,1.1731678395825916e-08,1.1437384777171346e-08
4.876115994135005e-07,1.3616640615213473e-06,0.9999949424271264,9.702801291806544e-07,4.867191281250737e-07,4.290838674838666e-07,2.3594549571796972e-07,1.0203627637226063e-07,9.813912390472193e-08,8.510085939694796e-08,5.0311477915452195e-08,4.930004941770765e-08,4.562684929768732e-08,4.3218670816852924e-08,3.905777042842353e-08,3.6724549402407835e-08,3.515428698595954e-08,3.4663547905433027e-08,3.372053821341595e-08,3.2831447325884576e-08,3.158844360992284e-08,2.9704066921554053e-08,2.9356380762843974e-08,2.9018790780015842e-08,2.7148939937245133e-08,2.3549821736243623e-08,2.120110239086688e-08,2.0862997626183587e-08,1.961394385790738e-08,1.905129204198583e-08,1.6753395011202548e-08,1.665073394433804e-08,1.606274480702412e-08,1.5695603244928996e-08,1.4460451258823811e-08,1.416734155049562e-08,1.4096248469546013e-08,1.3887584621348015e-08,1.3685805778371219e-08,1.3301946996717415e-08
1.5026615002462983e-07,2.399295226528767e-07,2.1938950960755645e-06,0.9999868138447612,5.0593326273830045e-06,3.2736610950145932e-06,7.454714837642915e-07,1.8132524079963337e-07,1.718971177798901e-07,1.417867056346724e-07,7.132008418910038e-08,6.956001179201975e-08,6.326698369603999e-08,5.922848237586913e-08,5.240706730483294e-08,4.86788885787327e-08,4.620806522879968e-08,4.544263549935209e-08,4.3979870574273885e-08,4.261147772875164e-08,4.071565335193206e-08,3.787730106222671e-08,3.735887154520446e-08,3.685721323503146e-08,3.410527659456184e-08,2.8931791035082864e-08,2.565597630661807e-08,2.519130036534038e-08,2.3488196290453237e-08,2.2728508521972278e-08,1.9670705969221523e-08,1.9536034700135155e-08,1.876771733300699e-08,1.829058434560322e-08,1.6699814393215608e-08,1.632577814139604e-08,1.623526238738958e-08,1.5970034408257295e-08,1.5714201533137223e-08,1.52292786881152e-08
9.854163668673346e-08,1.430310798273415e-07,5.945055211528969e-07,6.33222872773238e-06,0.9998374960407743,0.0001516290788700235,1.839208953653426e-06,2.5469667170222374e-07,2.3927174106704447e-07,1.912288643056412e-07,8.66524544020728e-08,8.428125353336806e-08,7.587405117003359e-08,7.054162414782546e-08,6.164478026907647e-08,5.685154897732147e-08,5.3701863039232335e-08,5.273094181108442e-08,5.088105963524577e-08,4.915804435250144e-08,4.6782889996374667e-08,4.3251192845566756e-08,4.260975568098939e-08,4.199027374538543e-08,3.8609983910523894e-08,3.233660590590036e-08,2.8430414234676328e-08,2.788084116402823e-08,2.5875216208307647e-08,2.4985390039222033e-08,2.1431699092435928e-08,2.1276413926753396e-08,2.0392361631074404e-08,1.98449706150962e-08,1.802876602785981e-08,1.7603846834792673e-08,1.750114300344342e-08,1.720047268850908e-08,1.6910844566783012e-08,1.6362935865093074e-08
9.021330714970982e-08,1.2885514320841075e-07,4.876999898188848e-07,3.6318627582227672e-06,0.00015260400024624002,0.9998386292764869,2.457426402338874e-06,2.7840791433247474e-07,2.6091720947318296e-07,2.0676823949626849e-07,9.104704364165461e-08,8.84916249248988e-08,7.945045806962328e-08,7.373308294620183e-08,6.422381515642043e-08,5.911951420184947e-08,5.5772794918061325e-08,5.474244743178378e-08,5.278085632279174e-08,5.095583293147841e-08,4.8443315864606535e-08,4.4713911337237864e-08,4.4037547662919263e-08,4.338466207580882e-08,3.9826937574032613e-08,3.324590798268542e-08,2.9165688781428122e-08,2.8592830846092898e-08,2.6504501592480983e-08,2.5579246782885325e-08,2.189134350431825e-08,2.1730514059306155e-08,2.0815385549387007e-08,2.0249173430086684e-08,1.8372794874506136e-08,1.7934346503388423e-08,1.7828404820395706e-08,1.751832655537897e-08,1.7219737006817547e-08,1.665515167915523e-08
5.867400572716558e-08,7.866790143647915e-08,2.1765077685132203e-07,7.583602118884591e-07,2.440424276762358e-06,3.950656901876975e-06,0.999989602812316,5.221349981204795e-07,4.803039251042178e-07,3.5611604444637105e-07,1.2544680749277654e-07,1.2130479246296889e-07,1.0686678651621342e-07,9.792616470407941e-08,8.337969319332018e-08,7.577006253398371e-08,7.085590472770258e-08,6.935623959259187e-08,6.651629651011152e-08,6.389431743444135e-08,6.031602029921295e-08,5.5068214134586874e-08,5.412576863256496e-08,5.3219108804642895e-08,4.8323555218598653e-08,3.94654336684831e-08,3.41274254064632e-08,3.338818663004266e-08,3.071237418866971e-08,2.9537281453856345e-08,2.491294951476707e-08,2.4713850888927955e-08,2.358481050548283e-08,2.2889540832147227e-08,2.060319384752682e-08,2.0073175316369565e-08,1.994535761224139e-08,1.95717807680653e-08,1.9212814037139e-08,1.853615046728574e-08
3.151632296188498e-08,3.968455740456887e-08,8.447882120150343e-08,1.887293309398521e-07,3.3362395406015923e-07,3.9514570123724955e-07,1.7853803580217742e-06,0.9996857268258702,0.00030119585972807875,7.366672605449744e-06,3.146747450311895e-07,2.9823179062372004e-07,2.4416006840694535e-07,2.1332543553910693e-07,1.6719384446969983e-07,1.4525189399815786e-07,1.3183586915306557e-07,1.2786457789078753e-07,1.204809948922117e-07,1.1383837080035272e-07,1.0503714040089292e-07,9.263173577627421e-08,9.04740539507298e-08,8.842038971184192e-08,7.764630695211414e-08,5.943734819361366e-08,4.935209600217502e-08,4.8009043292859677e-08,4.32428163311139e-08,4.1200367916005344e-08,3.343444976402729e-08,3.311134674614592e-08,3.129527151143757e-08,3.0190658772247765e-08,2.662938057336674e-08,2.582039221763486e-08,2.5626251461981088e-08,2.506086022466374e-08,2.45204814460831e-08,2.3509695972784483e-08
3.0286142417030686e-08,3.7997832913429034e-08,7.967858722133656e-08,1.736187604095012e-07,2.984381666010813e-07,3.496438521994979e-07,1.3073515756112045e-06,0.00030203465470698976,0.9996807423649237,1.1951988445242387e-05,3.374159533623798e-07,3.1933835859346344e-07,2.6003805241963613e-07,2.2637392486263617e-07,1.7625967889986505e-07,1.5257997280659981e-07,1.3815774629465586e-07,1.3389815851295343e-07,1.2598864121801649e-07,1.1888627821129062e-07,1.0949606588019369e-07,9.62982301999469e-08,9.400817789470122e-08,9.183031643162326e-08,8.042858067444269e-08,6.125392234325139e-08,5.0700883297279856e-08,4.929966157306332e-08,4.433409373245396e-08,4.221004647981879e-08,3.415369064496231e-08,3.381935071034235e-08,3.194132455466852e-08,3.080005110664452e-08,2.7125759894298372e-08,2.6292324651163324e-08,2.6092386702465874e-08,2.551026428902668e-08,2.4954108763985074e-08,2.3914389832796467e-08
2.6130149883416276e-08,3.237673772043005e-08,6.45383546540732e-08,1.2995732294007277e-07,2.0596703609880778e-07,2.3428372147195533e-07,5.973139963560402e-07,7.739982935714164e-06,1.333743914739885e-05,0.999973942938467,4.5506925770433147e-07,4.2817099560067374e-07,3.4062274986640703e-07,2.917818756238643e-07,2.2057450993501256e-07,1.8789801451489005e-07,1.6833625311900376e-07,1.6261577188404423e-07,1.5205361458289212e-07,1.426484015019943e-07,1.3033119324552067e-07,1.1323543959264497e-07,1.1030020071968641e-07,1.0751873407740225e-07,9.309002842044083e-08,6.934397095833893e-08,5.6629431925630966e-08,5.496233371289202e-08,4.909040986395353e-08,4.659778920510388e-08,3.724142247546432e-08,3.6857267751363196e-08,3.470519225963521e-08,3.34022504769923e-08,2.923220124863563e-08,2.829209189849834e-08,2.8066895618082323e-08,2.7411933821906442e-08,2.6787188934364453e-08,2.562192651335657e-08
1.5799801966027655e-08,1.893753846487241e-08,3.3286302737608084e-08,5.6572794177078644e-08,7.757384809353189e-08,8.424366921815531e-08,1.4254820932953788e-07,5.224207251467029e-07,6.101634763815021e-07,1.4185253957103506e-06,0.9995744313851579,0.0004002664099985886,1.0375086901533299e-05,4.417697317910071e-06,1.5196050035310338e-06,9.662988894680292e-07,7.358328998232158e-07,6.790880338601565e-07,5.838256919635141e-07,5.090062237671503e-07,4.230585480564904e-07,3.2218690611660685e-07,3.0690465282560266e-07,2.929646131101499e-07,2.2742379380873417e-07,1.4046875886344732e-07,1.0373877366719524e-07,9.936995461287467e-08,8.466026818451818e-08,7.874835549111943e-08,5.81050386213684e-08,5.731567970466229e-08,5.296903339168376e-08,5.039909602143116e-08,4.247252974926875e-08,4.0751414312965656e-08,4.0342765821194975e-08,3.9161828422648134e-08,3.8046056857380335e-08,3.5992932739776224e-08
1.5428073424239877e-08,1.846520733304136e-08,3.2278830191822515e-08,5.447010316579447e-08,7.426871824214927e-08,8.051659933229437e-08,1.3443681245390395e-07,4.674208766101223e-07,5.400123933895462e-07,1.1458207616628799e-06,0.00040149660815674414,0.9995654262044288,1.6519683332851575e-05,5.738363452222879e-06,1.7568395210524336e-06,1.0832227647083299e-06,8.125126382868039e-07,7.468324508899795e-07,6.374026526295883e-07,5.523131420910351e-07,4.555651031359985e-07,3.434184494962406e-07,3.265842593125366e-07,3.112711022236904e-07,2.397516776379742e-07,1.4619825612176998e-07,1.0728452826564396e-07,1.0268373983308596e-07,8.723310036778064e-08,8.104316350656913e-08,5.951632068158037e-08,5.869655586440441e-08,5.4186789032043544e-08,5.1523909205135716e-08,4.332715672086337e-08,4.155105655778153e-08,4.1129555095098175e-08,3.991190453038517e-08,3.8762043220387905e-08,3.6647732312168466e-08
1.4086970271124595e-08,1.6770722141536637e-08,2.8738879266935897e-08,4.7277219821654584e-08,6.320105255296153e-08,6.811637868248963e-08,1.0876482050463587e-07,3.223221079036518e-07,3.6160117153472176e-07,6.243859898904815e-07,1.1118303901739034e-05,1.9124312259991944e-05,0.9999042958507548,5.077115862670612e-05,3.6604530449999447e-06,1.8623964717042289e-06,1.2838891312105476e-06,1.154799991983039e-06,9.483792394984256e-07,7.962012620069015e-07,6.320084375693619e-07,4.5322346227192737e-07,4.2758504230136823e-07,4.0456562096101316e-07,3.004040731997642e-07,1.7281574971996855e-07,1.2331748243237018e-07,1.176178029980462e-07,9.869100391024605e-08,9.121222878269353e-08,6.564880087730238e-08,6.469226971491721e-08,5.9451249209488424e-08,5.6373693417361426e-08,4.698003799964452e-08,4.4962182423438594e-08,4.448427992463061e-08,4.310568114241836e-08,4.18066392180218e-08,3.942531551536928e-08
1.3209552489929577e-08,1.5669869696197382e-08,2.649761271367774e-08,4.2870605153319115e-08,5.659434123102791e-08,6.077177171770683e-08,9.443824225052118e-08,2.56255523699549e-07,2.834203766987447e-07,4.493597995030837e-07,4.483641469746147e-06,5.997090409636492e-06,5.4465303333631116e-05,0.9999123934103704,8.147832333153375e-06,3.1134708977023035e-06,1.942235720790429e-06,1.7057797356677848e-06,1.3441475762085194e-06,1.0921718401206796e-06,8.340323626534646e-07,5.701869960224102e-07,5.339409581692694e-07,5.018031270393512e-07,3.604711424574588e-07,1.9709683928039454e-07,1.3740382904763477e-07,1.3067962742942882e-07,1.085525048869889e-07,9.99059435562183e-08,7.075454691718855e-08,6.967899693994363e-08,6.380440759079497e-08,6.036979798070959e-08,4.995514408440506e-08,4.7733113510438407e-08,4.720768042447808e-08,4.569368649554602e-08,4.426944760255111e-08,4.166479646967823e-08
1.1721457390270553e-08,1.3817893822683446e-08,2.2835962150101353e-08,3.592643901144844e-08,4.646306486820499e-08,4.959859686723399e-08,7.388096313223417e-08,1.767665440470688e-07,1.919719740740652e-07,2.756112405377124e-07,1.539454325742007e-06,1.8197076150370949e-06,4.196426334486536e-06,1.2246641131386258e-05,0.9999277352592464,2.612114407655602e-05,7.214382646714853e-06,5.568224423224774e-06,3.6107901834329498e-06,2.5686424874679827e-06,1.704757781268296e-06,9.975742260693022e-07,9.132560647946463e-07,8.412306638765347e-07,5.498116606942741e-07,2.629763830542836e-07,1.7330452592143407e-07,1.637257594593032e-07,1.328648974049289e-07,1.211124014278459e-07,8.270669682432995e-08,8.13340372943456e-08,7.388885361119694e-08,6.957758309438405e-08,5.669170742468597e-08,5.3982884777362215e-08,5.334452596607753e-08,5.1509595164185964e-08,4.9789675492552045e-08,4.6660286747901684e-08
1.0884733302990751e-08,1.278463107573351e-08,2.0849085841174964e-08,3.228336038056622e-08,4.1279571623961337e-08,4.3923532799784304e-08,6.397085144772784e-08,1.4371363883777175e-07,1.5477983988669504e-07,2.130063483286895e-07,9.375830621561259e-07,1.0669441372880022e-06,1.944055069239085e-06,3.5422926601157106e-06,3.1100299913926624e-05,0.9998668473944865,4.4151809456115984e-05,2.4023901785497174e-05,1.0072993127545527e-05,5.701718175889651e-06,3.172444744795525e-06,1.571171508979542e-06,1.4067426720991717e-06,1.2709785543004734e-06,7.605412184017335e-07,3.2388130973944367e-07,2.042029293128182e-07,1.919362242172088e-07,1.5303036381517745e-07,1.3849631634229867e-07,9.206881311227792e-08,9.044772866791108e-08,8.169900697372883e-08,7.666749082812161e-08,6.178192017217593e-08,5.868547286039054e-08,5.7957520221867067e-08,5.5868643053157304e-08,5.391565858334054e-08,5.03748658887916e-08
1.032374629073195e-08,1.2095243051455433e-08,1.954621199695737e-08,2.9943109489111e-08,3.799908056438226e-08,4.034721152492825e-08,5.79095343413998e-08,1.2504738213169878e-07,1.340057683063388e-07,1.7994839105337838e-07,6.943716680753905e-07,7.76067446135035e-07,1.2808671600142644e-06,2.044613579657517e-06,7.4812044118802295e-06,4.8989550982578506e-05,0.9993295136968545,0.0005371303658876817,4.13683601725e-05,1.5011510081314266e-05,5.909806850898122e-06,2.365973332681685e-06,2.067347996793214e-06,1.8302510531930222e-06,1.0018323360645107e-06,3.8272277485821614e-07,2.323262387129638e-07,2.174461776741712e-07,1.7085375152352065e-07,1.5372006288611191e-07,9.99818469226764e-08,9.814072157479953e-08,8.824360483430062e-08,8.258245606534881e-08,6.596833387671619e-08,6.254087867861151e-08,6.173663983531281e-08,5.9431915842182885e-08,5.728140455209752e-08,5.339331276257564e-08
1.0148147945464427e-08,1.1880040980200245e-08,1.9143414452371707e-08,2.9227746289962093e-08,3.7004374032487206e-08,3.926528243932475e-08,5.6104689010250285e-08,1.1971539082532772e-07,1.281039062858117e-07,1.708075852267584e-07,6.3513343898376e-07,7.064937288483338e-07,1.1373511561106083e-06,1.761477706965879e-06,5.6681052232156054e-06,2.5139710733222493e-05,0.0005424814624165156,0.9992613300279464,0.00011732588410496558,2.5128963271453692e-05,7.730320685150815e-06,2.7700573783646694e-06,2.3941493492527303e-06,2.1010442816239853e-06,1.1082518175302715e-06,4.0578444940430885e-07,2.4292682664188987e-07,2.2702121914833157e-07,1.7744569948426772e-07,1.5931738040399694e-07,1.0282633860305742e-07,1.0090380265410467e-07,9.058341525613194e-08,8.469129609184284e-08,6.7447627424044e-08,6.390052860883653e-08,6.306876024636079e-08,6.068624138315495e-08,5.8464661525999866e-08,5.445193877793702e-08
9.812259057877022e-09,1.1469140693981303e-08,1.8379190224598382e-08,2.788047466265965e-08,3.514077843973593e-08,3.7241267178957863e-08,5.276232531175871e-08,1.1009159868436643e-07,1.174868360572389e-07,1.5462843865189096e-07,5.373999366429445e-07,5.927968414550888e-07,9.14127311918169e-07,1.3465966084703387e-06,3.5914626360752007e-06,1.0121408612153067e-05,4.160743501239746e-05,0.00012392596749448282,0.999630930567886,0.00015684018740018518,1.546358287462587e-05,3.92596209319749e-06,3.3004269849104412e-06,2.8352386661823927e-06,1.3727239283813287e-06,4.576481641016831e-07,2.66060178427173e-07,2.478506850881506e-07,1.9162916250686688e-07,1.7130814323069954e-07,1.0881896715523291e-07,1.0672142191527397e-07,9.549332942295808e-08,8.910772911050336e-08,7.052563384067502e-08,6.672556682794834e-08,6.58356648540081e-08,6.328901216833873e-08,6.091769670118381e-08,5.66428190182473e-08
9.495834799620054e-09,1.10830125912758e-08,1.7667284086247664e-08,2.6638015365521353e-08,3.3434245413635486e-08,3.5391501468528135e-08,4.974871997270337e-08,1.0170670026437506e-07,1.0827602396903428e-07,1.4087966926341996e-07,4.6177640932054553e-07,5.058676266290154e-07,7.535595706583961e-07,1.0684994811528866e-06,2.5105636606191786e-06,5.626792761570865e-06,1.4904212685078072e-05,2.5276452282351423e-05,0.0001632714961159255,0.9997113945329283,5.4836157652089024e-05,5.97694714786788e-06,4.817384524465992e-06,4.018464900230348e-06,1.7428481565341022e-06,5.196511759267698e-07,2.924726662284571e-07,2.7151817592459817e-07,2.0747743762716855e-07,1.846178817575148e-07,1.153059038701278e-07,1.1301321673332518e-07,1.0077682515463566e-07,9.384597166951232e-08,7.379628864061669e-08,6.972109261682984e-08,6.876808379283281e-08,6.604347795740326e-08,6.351011038577665e-08,5.8952307308602306e-08
9.054469729018204e-09,1.0546024879222117e-08,1.668748392590866e-08,2.4948248369098123e-08,3.113240142994927e-08,3.290220256717412e-08,4.5755206759466285e-08,9.101419616200263e-08,9.658507583119135e-08,1.238118431647798e-07,3.7667605425078553e-07,4.092028980476776e-07,5.852234642451581e-07,7.948564203539817e-07,1.6354713867898036e-06,3.1048796340647757e-06,5.858131290242103e-06,7.727904634516426e-06,1.572621513264264e-05,6.0307439654453025e-05,0.9998642013849228,1.4963880398491718e-05,1.0503843042088515e-05,8.039971263109706e-06,2.6586680544819787e-06,6.383006697243156e-07,3.398070721158694e-07,3.136507622800358e-07,2.350417391326722e-07,2.0755551621628505e-07,1.2611130297369592e-07,1.2348084571800215e-07,1.0950809281426345e-07,1.0164455796691732e-07,7.911097425524031e-08,7.457515760252984e-08,7.351674947110368e-08,7.049543367161512e-08,6.76925601297719e-08,6.266579355808086e-08
8.394422814273044e-09,9.746234812368673e-09,1.524863986218472e-08,2.2506196886953414e-08,2.7842227218801433e-08,2.935495453956138e-08,4.018063542454335e-08,7.681192246640179e-08,8.114918697243216e-08,1.0190078987461874e-07,2.797728008371113e-07,3.006534012336327e-07,4.0835347508915025e-07,5.269362056447567e-07,9.388580954260387e-07,1.5179463161445438e-06,2.345537361649894e-06,2.779475179226776e-06,4.045814693239116e-06,6.3894340321241005e-06,1.8109727637031465e-05,0.9993903167944529,0.0004077637890734358,0.0001532952910610608,7.224433235710953e-06,9.33436495246239e-07,4.441654676272704e-07,4.054825874929585e-07,2.9279564858515923e-07,2.548891613025238e-07,1.4716762892761928e-07,1.4383887197390083e-07,1.263056810669066e-07,1.1655193283768186e-07,8.906312650748964e-08,8.362447289465587e-08,8.236025428135629e-08,7.876113602142168e-08,7.543551409789485e-08,6.950420389311687e-08
8.272546828384102e-09,9.598996723290307e-09,1.4986483443237334e-08,2.2066425097140022e-08,2.725444216672898e-08,2.8722648651641622e-08,3.9201468821855355e-08,7.440440506350585e-08,7.854345908630063e-08,9.827326732692324e-08,2.6503292980646554e-07,2.8429789266122113e-07,3.8288396716901657e-07,4.900462001967185e-07,8.539373703549401e-07,1.34855156770061e-06,2.0299078359925185e-06,2.3766779418056973e-06,3.3557865067627596e-06,5.052519417174962e-06,1.1881552624924698e-05,0.000408765421607666,0.9990718194497867,0.0004776007801581899,9.568167475938764e-06,1.0127138662011324e-06,4.6987063051902803e-07,4.2791967129961647e-07,3.0650654397531e-07,2.6600016604427885e-07,1.5190444367873645e-07,1.4841196546147633e-07,1.3004876406100026e-07,1.1985788645993224e-07,9.123668535671386e-08,8.559434118961678e-08,8.428382677160182e-08,8.055496008452806e-08,7.711230267835753e-08,7.09792815142478e-08
8.15392562306918e-09,9.45584568848965e-09,1.4732560712134304e-08,2.1642244428982613e-08,2.6689084627665716e-08,2.811493500955837e-08,3.82651566359962e-08,7.213032050917351e-08,7.608554514357836e-08,9.487297027045061e-08,2.5161629479774916e-07,2.694557626741353e-07,3.6009273009942054e-07,4.57484906340804e-07,7.816966542166314e-07,1.2095700970421506e-06,1.7813022477111627e-06,2.065385512431978e-06,2.848447778211073e-06,4.149478096362543e-06,8.77637379268517e-06,0.00015486774323897603,0.00047849802719065966,0.9993257911243688,1.3778946054821526e-05,1.1038616547489835e-06,4.981702101798034e-07,4.5251876998953344e-07,3.2132649253981273e-07,2.779460590363528e-07,1.5689855992152372e-07,1.532302176647312e-07,1.3397810838256463e-07,1.233209025802525e-07,9.34981357491572e-08,8.76408881345982e-08,8.628157395977965e-08,8.241612965100649e-08,7.88504019462723e-08,7.250568487430917e-08
7.501882627126778e-09,8.67143789672849e-09,1.335615267040443e-08,1.9370276170132655e-08,2.3685081169539192e-08,2.4892922305934776e-08,3.337176975675937e-08,6.063848522607333e-08,6.371142827250531e-08,7.804485978122868e-08,1.8994034162478046e-07,2.0173513036304777e-07,2.5960370634225136e-07,3.184380913137769e-07,4.973315162552044e-07,7.040489505689694e-07,9.462516624929023e-07,1.0552012562144706e-06,1.3299068540910298e-06,1.724100075042641e-06,2.727050995169883e-06,7.705202905419595e-06,1.0557976651615145e-05,1.6171563147239444e-05,0.9999498178187479,2.001751041986899e-06,7.328615576338556e-07,6.535101233402259e-07,4.3634554157116394e-07,3.688759609120166e-07,1.9232720518349458e-07,1.8733324684871163e-07,1.6144393972916648e-07,1.473502411673503e-07,1.088325622017576e-07,1.0145056372519128e-07,9.974652365852222e-08,9.491889094088597e-08,9.049005789530866e-08,8.266929247396884e-08
6.299235043975804e-09,7.2364491623501774e-09,1.090753609421725e-08,1.5449098931380488e-08,1.86024376646605e-08,1.947063248763972e-08,2.5417992063302882e-08,4.339323881947517e-08,4.530066263525832e-08,5.3946613246571204e-08,1.1505523013926898e-07,1.2078413111854798e-07,1.4759927760384603e-07,1.7294911021214207e-07,2.420629972144822e-07,3.106377102223372e-07,3.805874881880448e-07,4.0906203857423023e-07,4.751952757600095e-07,5.58199300441167e-07,7.290051196156659e-07,1.2234208341586831e-06,1.3836464891403529e-06,1.5828151651050507e-06,5.016160723228294e-06,0.9999763900168167,3.515149020055631e-06,2.735206340554666e-06,1.2548279905047856e-06,9.435500984151268e-07,3.4758981432777154e-07,3.3523867957275955e-07,2.741042701209956e-07,2.4282326400788835e-07,1.642124625825447e-07,1.503633390212231e-07,1.4722232601180847e-07,1.384306226913303e-07,1.3050748688962937e-07,1.1684970826862058e-07
5.512123781216756e-09,6.304829159945868e-09,9.36057676953296e-09,1.3043039074631911e-08,1.5542260348078384e-08,1.6222585206479113e-08,2.08071181295316e-08,3.409759479898914e-08,3.545288792946802e-08,4.1487250166898856e-08,8.142836062613993e-08,8.489960817999974e-08,1.0069437418559012e-07,1.1499628676672226e-07,1.515962515833057e-07,1.8490932968558329e-07,2.164546686849537e-07,2.286531346350254e-07,2.558333799424092e-07,2.8777949854057916e-07,3.4728808339410576e-07,4.881630298045264e-07,5.261826615761288e-07,5.692024368874618e-07,9.77995650702517e-07,6.1476112449642275e-06,0.9996734284922416,0.00030289149966131526,5.978487947261157e-06,3.369219897464781e-06,6.510892368815699e-07,6.196035821645332e-07,4.7258971982695754e-07,4.030452797529147e-07,2.4482525600621764e-07,2.1961719560637082e-07,2.1401278863291003e-07,1.9853386133553884e-07,1.8485482139642297e-07,1.6188605356343674e-07
5.397500607287984e-09,6.169682797865053e-09,9.139054876790686e-09,1.2703202805754512e-08,1.5113837586711923e-08,1.5768933578719924e-08,2.0172745457261905e-08,3.286071117305741e-08,3.4147026540449104e-08,3.985962919130376e-08,7.73125615632184e-08,8.053229975611118e-08,9.512542378547152e-08,1.0826175301809657e-07,1.4159569802733556e-07,1.715911405795487e-07,1.9972909363486567e-07,2.1054052799266413e-07,2.345094888725925e-07,2.624601210107367e-07,3.1393675658209444e-07,4.3326655575342634e-07,4.648685853223857e-07,5.003202063170442e-07,8.238147007529258e-07,4.009561967074562e-06,0.0003044381482572699,0.9996698510404263,9.173445180612213e-06,4.521824830503103e-06,7.317495606368757e-07,6.9444853560785e-07,5.222102693836734e-07,4.419710377965863e-07,2.6281282374319383e-07,2.3482250034054147e-07,2.2862275323783843e-07,2.115422423523644e-07,1.96502627178278e-07,1.713719648765761e-07
4.979262341646182e-09,5.677887287792196e-09,8.340206932148606e-09,1.1489232457221912e-08,1.359249707337938e-08,1.416053758790439e-08,1.7945758424151364e-08,2.8613019869878186e-08,2.9672106575574707e-08,3.4333439654595107e-08,6.390370911717003e-08,6.635136033973599e-08,7.730007375534091e-08,8.696334608943795e-08,1.1081174027380874e-07,1.3149321079022758e-07,1.5032108881682086e-07,1.5741166652544957e-07,1.7289007531561418e-07,1.9051268834692962e-07,2.2189050679034926e-07,2.903541348766021e-07,3.0755069923789145e-07,3.2638677292542986e-07,4.814740450557232e-07,1.4431951506465879e-06,6.911190192751941e-06,1.1307224991117183e-05,0.9998919075754173,7.973783942754811e-05,1.2687795778796348e-06,1.1863785381337923e-06,8.271252709064611e-07,6.726478274368509e-07,3.5908021349320345e-07,3.1473216124167106e-07,3.050875374296596e-07,2.7883451101648715e-07,2.5611911520387544e-07,2.190286263570858e-07
4.791095893826056e-09,5.4572681747204745e-09,7.985304705404156e-09,1.095533465640171e-08,1.2927665279531493e-08,1.3458845432542698e-08,1.6984405887691374e-08,2.6821479295338048e-08,2.778902720166014e-08,3.20306106232141e-08,5.8550951880785516e-08,6.070996015626976e-08,7.031345636550126e-08,7.871881311527858e-08,9.922293691181492e-08,1.1673456687720777e-07,1.3248342670166144e-07,1.3836689001107626e-07,1.5113181257536062e-07,1.655295739316592e-07,1.9083223558900917e-07,2.448121541852204e-07,2.5810858936773495e-07,2.7255059453985346e-07,3.874623079413195e-07,1.0138101983564548e-06,3.6200132152012074e-06,5.057609314980006e-06,8.173070605938935e-05,0.9998986638958999,1.7526630186771974e-06,1.6232409580838136e-06,1.077624631161794e-06,8.540682117815516e-07,4.2598789957608163e-07,3.6908646878044295e-07,3.568465909783443e-07,3.237630601663906e-07,2.9542931918764714e-07,2.497760567074328e-07
4.049184273515027e-09,4.591700748801731e-09,6.615657495877446e-09,8.929383819168182e-09,1.043099187473728e-08,1.0830918585078845e-08,1.3444546308688664e-08,2.0463195730174325e-08,2.1129117900822e-08,2.4005617103463516e-08,4.106543429235848e-08,4.2372077639461e-08,4.807145252352969e-08,5.291709469990865e-08,6.428279572795411e-08,7.350900500457122e-08,8.148517879883611e-08,8.438935668611479e-08,9.057150092696345e-08,9.734606360743993e-08,1.0879031935238147e-07,1.3166391344359233e-07,1.3699147923669534e-07,1.4264220866448917e-07,1.8379851689314236e-07,3.5134715048367923e-07,7.199433588287301e-07,8.376245795469354e-07,1.733405417287426e-06,2.9183193297633327e-06,0.9981831319445993,0.0017782104061567464,1.7775793905366847e-05,7.291817989811388e-06,1.361987240225494e-06,1.0510193648635396e-06,9.912967793315984e-07,8.40633625607661e-07,7.234959171375654e-07,5.557915665865458e-07
4.015695470516969e-09,4.5527730861600614e-09,6.554801993999155e-09,8.84047990043076e-09,1.0322272464316102e-08,1.0716714805626963e-08,1.3292635527988376e-08,2.0197597316547975e-08,2.0851636038942416e-08,2.3674906287075713e-08,4.0377901220393265e-08,4.165363387552079e-08,4.7213303002005656e-08,5.193404769641696e-08,6.298751325206364e-08,7.194025177900861e-08,7.966675738677343e-08,8.247692584541327e-08,8.845407207365763e-08,9.499601992030629e-08,1.060290241445165e-07,1.280213722528069e-07,1.331319706831979e-07,1.3854743219911763e-07,1.7785589499131849e-07,3.361113297957535e-07,6.762802053480354e-07,7.82834842876991e-07,1.5696232442304641e-06,2.5522762821370803e-06,0.0017789236096620472,0.9981741330527184,2.4795215661478502e-05,8.870919915185064e-06,1.469618184344943e-06,1.123547796923377e-06,1.0576578185832675e-06,8.922679038752562e-07,7.645833392587756e-07,5.833071797968264e-07
3.824719825063883e-09,4.331057918922448e-09,6.209621420210085e-09,8.338308620334712e-09,9.709737900621432e-09,1.0073708299536775e-08,1.2440826356950341e-08,1.872140664647809e-08,1.9310669731557922e-08,2.1844645978269596e-08,3.6629945880822895e-08,3.774154489525371e-08,4.256223258251834e-08,4.6626127127225104e-08,5.6050377693405344e-08,6.359006209753346e-08,7.00362989086847e-08,7.236673165745629e-08,7.730163905577838e-08,8.266713746263017e-08,9.16354045809617e-08,1.092563209513497e-07,1.1330097373935294e-07,1.1756553959801643e-07,1.4797080421838373e-07,2.63585142879796e-07,4.851810007178893e-07,5.485168659200143e-07,9.591152638161038e-07,1.3681594652799127e-06,1.8524045797382526e-05,2.6487694553831765e-05,0.9998470871049631,9.38594502924133e-05,2.491572148025182e-06,1.7693040090209376e-06,1.6407920578659352e-06,1.3305593019404472e-06,1.1035139017913838e-06,8.004991309384217e-07
3.7061428305617017e-09,4.193629072091782e-09,5.996864170070635e-09,8.03054612576951e-09,9.33563962788768e-09,9.681354405344084e-09,1.192395179652633e-08,1.7836330290274572e-08,1.838777740871682e-08,2.0753580810197923e-08,3.4440753156038465e-08,3.545988225296925e-08,3.98664839617546e-08,4.356517878820769e-08,5.2093120218483136e-08,5.8865723512421906e-08,6.46239751425388e-08,6.669829822997911e-08,7.107944956536975e-08,7.582443207219767e-08,8.371418053266421e-08,9.908770897630524e-08,1.0259157027587679e-07,1.0627538924528842e-07,1.3227654425103722e-07,2.2808591765141493e-07,4.009490376503955e-07,4.4810901005737543e-07,7.366110849276555e-07,9.98297380443039e-07,7.309047635705484e-06,8.974954480222999e-06,9.58049395958582e-05,0.9998708730068,3.8648670663318554e-06,2.549318716143392e-06,2.330550525862007e-06,1.821070950703029e-06,1.4660289421052582e-06,1.01704597452977e-06
3.31465819085329e-09,3.741243641073023e-09,5.303297082031651e-09,7.0370138646644555e-09,8.13505425142554e-09,8.424101264959399e-09,1.0283131040318969e-08,1.508229706622617e-08,1.5521293255657805e-08,1.739041450874342e-08,2.7912558945011718e-08,2.867201946616482e-08,3.192545347553797e-08,3.4619323932692484e-08,4.072037145122904e-08,4.54574039162567e-08,4.9417348367972536e-08,5.08286125110756e-08,5.378622805653947e-08,5.6952611510042715e-08,6.213713433281512e-08,7.199671676870792e-08,7.419814118265683e-08,7.649360149102183e-08,9.224213315344213e-08,1.4552465940058627e-07,2.2779664519539128e-07,2.4780138344603407e-07,3.5577041424235003e-07,4.3690751619628803e-07,1.406712477448393e-06,1.5337907065019837e-06,2.8323784864280382e-06,4.9315437401051955e-06,0.9998339677687101,7.858147018200298e-05,4.5466437206686194e-05,1.6483408433916064e-05,8.639779074222264e-06,3.850478424430685e-06
3.222293992332139e-09,3.6347951671302363e-09,5.1415205440480955e-09,6.8072947765171066e-09,7.858929830393418e-09,8.135341136695961e-09,9.909437577712075e-09,1.4466194727145746e-08,1.488107926634211e-08,1.664436582317297e-08,2.6506445839263507e-08,2.7213049052143725e-08,3.0233524720913366e-08,3.272663682225903e-08,3.834980837589226e-08,4.269329332567503e-08,4.6310335672911865e-08,4.7596269471587745e-08,5.028652373309434e-08,5.315923113689823e-08,5.7846837556563975e-08,6.671377319543051e-08,6.868462887802745e-08,7.073599906921383e-08,8.47245742548905e-08,1.3120633489437432e-07,2.007299925295795e-07,2.172551585176469e-07,3.0445641786439356e-07,3.678917475334439e-07,1.0532182217678716e-06,1.1346626676561148e-06,1.8922066527408619e-06,2.9107785376273136e-06,7.990988711299677e-05,0.9981069524469388,0.001708475872015748,6.744944788842913e-05,2.158539217974635e-05,6.579217542066598e-06
3.1999180956522796e-09,3.6090256226007777e-09,5.102448619036268e-09,6.751942791063991e-09,7.792489390136705e-09,8.065884936304152e-09,9.81975016631837e-09,1.431902139261078e-08,1.472821044741303e-08,1.6466537561094903e-08,2.617384401415229e-08,2.6868127953080377e-08,2.983441517684289e-08,3.228095915055367e-08,3.779367639565926e-08,4.204661380010336e-08,4.558502234900335e-08,4.6842280592601336e-08,4.947145191062547e-08,5.2277208899342234e-08,5.685188611525983e-08,6.549430954050615e-08,6.741322530641601e-08,6.940968750188476e-08,8.30045597799949e-08,1.279897558896927e-07,1.9478592229267158e-07,2.1058090003599827e-07,2.9351272850130457e-07,3.5341169757746524e-07,9.870507171568642e-07,1.060827894755843e-06,1.7348986388565564e-06,2.612249907175638e-06,4.5664368589825086e-05,0.0017100969715726426,0.9980692319970902,0.0001288856632730463,2.9972619118447932e-05,7.751019112256417e-06
3.134408353291506e-09,3.5336199296312073e-09,4.988314912562668e-09,6.590529963214181e-09,7.598939097789636e-09,7.86360368650027e-09,9.558969238955356e-09,1.3892549418634774e-08,1.4285369536905656e-08,1.595204469273179e-08,2.5216850865607555e-08,2.587607318276036e-08,2.868832972858882e-08,3.100275643337944e-08,3.6202940947298346e-08,4.020047372310338e-08,4.351762215181269e-08,4.4694301685073786e-08,4.715203457117273e-08,4.977021606264946e-08,5.4029125263199623e-08,6.204584330800347e-08,6.382039873833549e-08,6.566445081884806e-08,7.81704401613508e-08,1.1906217946577004e-07,1.7853692556218522e-07,1.9239694672655142e-07,2.641636975867339e-07,3.1498033595702714e-07,8.230076119930556e-07,8.789954163130436e-07,1.367885249332299e-06,1.9549419298545017e-06,1.6337392617962887e-05,6.75680858851426e-05,0.00013093508318057806,0.9995780705345806,0.00018593734293161123,1.4273283146579007e-05
3.071237011775392e-09,3.460963150882708e-09,4.878625575067162e-09,6.435799440339296e-09,7.413685459368371e-09,7.670069589690923e-09,9.310064501617521e-09,1.348756931751995e-08,1.3865036648503723e-08,1.5464622649212656e-08,2.4317626839729928e-08,2.4944433295481472e-08,2.761457131730471e-08,2.980745342285381e-08,3.472120992427987e-08,3.848578557913153e-08,4.160182505404492e-08,4.270542515359881e-08,4.500792635636759e-08,4.7456659460762153e-08,5.1431224138155935e-08,5.888723223995932e-08,6.053294619465274e-08,6.224117156702596e-08,7.378225299197685e-08,1.111046998667355e-07,1.6436683885499913e-07,1.7661525057161905e-07,2.392548654620838e-07,2.828367750646018e-07,6.980907500719741e-07,7.417596325442766e-07,1.1097333018585106e-06,1.525215963704975e-06,8.493276663367664e-06,2.1382740288239133e-05,2.982131438237224e-05,0.00018775062755601606,0.9997079603100113,3.8793293801865214e-05
2.9514687979266904e-09,3.3233704038577185e-09,4.671687065558281e-09,6.14497675732992e-09,7.066268016013862e-09,7.307331055724322e-09,8.845168818316679e-09,1.2736722214076383e-08,1.3086233814984903e-08,1.4563957935387067e-08,2.2675489931313622e-08,2.3244473005065378e-08,2.5661826908627217e-08,2.7639406594500682e-08,3.204851004309884e-08,3.54053554439112e-08,3.817111957555149e-08,3.9147834218080975e-08,4.1181397716176515e-08,4.333752239212008e-08,4.682314987994797e-08,5.3321541230958265e-08,5.47484213327913e-08,5.6226473972215085e-08,6.61444450942194e-08,9.759146059033455e-08,1.409878106255762e-07,1.507384263723542e-07,1.99563069401999e-07,2.3254171352447048e-07,5.235004684951487e-07,5.51884019460378e-07,7.789361998875624e-07,1.0134990905320002e-06,3.7454577676646453e-06,6.461898474689842e-06,7.63722622132784e-06,1.4206477417824997e-05,3.97042371068923e-05,0.9999238681092951
