0.9999996783941646,3.283868857477475e-08,2.8128434467755133e-08,1.5506639696028607e-08,1.404933287953456e-08,1.1901642762321802e-08,1.0684865555949279e-08,9.520780021363879e-09,8.76029167240018e-09,8.679379647548482e-09,8.523827076614347e-09,8.303922427668673e-09,8.09855777213276e-09,8.033490064876411e-09,7.726992520202419e-09,7.558961804101859e-09,7.452475491910788e-09,7.250768640710235e-09,6.928445019754562e-09,6.803190268432359e-09,6.684116898725075e-09,6.177413341078248e-09,5.966295304134988e-09,5.93792545833996e-09,5.696293239355776e-09,5.671189649048317e-09,5.366262679178305e-09,5.199569926077911e-09,5.121817910737227e-09,5.102865726628309e-09,5.047099270577193e-09,5.010821504686263e-09,4.9929230173581534e-09,4.889500247497321e-09,4.77492066601383e-09,4.759188506516742e-09,4.713021163526496e-09,4.652897234664915e-09,4.417192100259102e-09,4.378965251140881e-09
2.1956269662081933e-07,0.9999974006044646,1.9069549588084248e-06,4.939395169356356e-08,3.972858954361889e-08,2.8130779267745597e-08,2.292092889444861e-08,1.8643127117279227e-08,1.6189120549588757e-08,1.5942652212596655e-08,1.547592486655815e-08,1.4831452616477768e-08,1.424545865317137e-08,1.4063034386490568e-08,1.3223396601456739e-08,1.2777076768796916e-08,1.2499153564481987e-08,1.1982735731688153e-08,1.1184299032730219e-08,1.0882971579528597e-08,1.0601040118560867e-08,9.446226490071766e-09,8.987564598056899e-09,8.926886910017741e-09,8.418696971356666e-09,8.366806149739592e-09,7.749343366146628e-09,7.421749361616295e-09,7.271366673053357e-09,7.234935915191256e-09,7.1282479165761666e-09,7.059240423588526e-09,7.025311341109319e-09,6.830815223087406e-09,6.618210422602983e-09,6.5892676099250535e-09,6.504669900698418e-09,6.3952102385041395e-09,5.973974322120177e-09,5.906842679968408e-09
4.895867152969827e-08,2.2842011870648826e-06,0.9999971249249008,6.340352922087377e-08,4.9967948948836875e-08,3.396480090088276e-08,2.7061516561888043e-08,2.154080844680955e-08,1.8454770341826715e-08,1.8148546805678278e-08,1.757030555622911e-08,1.677532192994804e-08,1.605610652417828e-08,1.5832996221209532e-08,1.4810557009606438e-08,1.4270369867384824e-08,1.3935153473132512e-08,1.3314632451000103e-08,1.2361288711779442e-08,1.2003657486287102e-08,1.1670090370016439e-08,1.0313471348964385e-08,9.780027748423502e-09,9.709682274419787e-09,9.122437964412562e-09,9.062683913436313e-09,8.354451384268479e-09,7.98097450301042e-09,7.810075148055222e-09,7.768724727523535e-09,7.64774217646849e-09,7.569579384476431e-09,7.53117464675868e-09,7.311368855514096e-09,7.071729162784518e-09,7.03916085358792e-09,6.944045346187592e-09,6.821130059182905e-09,6.349828070274351e-09,6.274979313559215e-09
9.221181435798718e-09,9.352241139124178e-08,6.297810484426558e-07,0.999996411471804,1.8746936927633052e-06,1.9009271376125199e-07,1.0060167230858566e-07,5.978112288364261e-08,4.411351626445585e-08,4.276783038314481e-08,4.0309165589385744e-08,3.709376648054337e-08,3.4342114477087695e-08,3.351910092815248e-08,2.9913543774933723e-08,2.8119229300067743e-08,2.7041883352410867e-08,2.5116880706077232e-08,2.2324636247654176e-08,2.132979375102496e-08,2.0426263820726173e-08,1.696398469164887e-08,1.570391897077234e-08,1.554168145503925e-08,1.4219755056187466e-08,1.4088638882551798e-08,1.2577836373392003e-08,1.1814207589360756e-08,1.1472272525246081e-08,1.1390222915365885e-08,1.1151675913659724e-08,1.0998746691714316e-08,1.0923941962403093e-08,1.0500249888841453e-08,1.0046257576993002e-08,9.98523407605606e-09,9.807958186288872e-09,9.58073929074705e-09,8.729388494117328e-09,8.597126469984666e-09
6.609658922499341e-09,4.589467970880136e-08,1.075288123297393e-07,2.729267278536809e-06,0.9999957240523063,3.787184532499805e-07,1.607965487053653e-07,8.370067509522666e-08,5.822252931819527e-08,5.614850342350543e-08,5.239863087201057e-08,4.757129055668908e-08,4.351282259544153e-08,4.231346099421345e-08,3.7132276419846346e-08,3.4603425741151965e-08,3.310057849409378e-08,3.0444054849428795e-08,2.6658907845048175e-08,2.533225771146545e-08,2.4136838337435848e-08,1.963505793916184e-08,1.803597363653571e-08,1.7831578559597354e-08,1.6177669542691417e-08,1.6014854563197512e-08,1.4153931666170939e-08,1.3224864897599893e-08,1.2811511051539386e-08,1.2712557553967151e-08,1.2425377130689598e-08,1.2241677557929777e-08,1.215193497493313e-08,1.1645164982087739e-08,1.1104792588414483e-08,1.1032387303549371e-08,1.0822373100088734e-08,1.055378470083439e-08,9.553930495650676e-09,9.399568255932242e-09
4.156039310294379e-09,2.1495234966833297e-08,3.666198507544491e-08,2.493858628346875e-07,1.5236282524726544e-06,0.9999958521741327,8.913656380373383e-07,2.1012018120377132e-07,1.1674010056260957e-07,1.1057395644507605e-07,9.983310904911718e-08,8.674357366681304e-08,7.637768508791774e-08,7.343207476865913e-08,6.126128677527295e-08,5.5664128933466203e-08,5.244022528472776e-08,4.692238046664449e-08,3.944717774685748e-08,3.694358110772672e-08,3.473709065941676e-08,2.680212872757137e-08,2.4153838002621954e-08,2.3821372103756267e-08,2.117675078379937e-08,2.0921191620717166e-08,1.805565130004462e-08,1.66664814561972e-08,1.6057462571949913e-08,1.591246931738468e-08,1.5493415564442274e-08,1.5226720811715725e-08,1.5096811136553416e-08,1.4368230132552808e-08,1.359983689319761e-08,1.3497613246774134e-08,1.3202135377472934e-08,1.2826146959688967e-08,1.1446422370783833e-08,1.1236343522751749e-08
3.091633135750538e-09,1.398639218363894e-08,2.159814105490495e-08,9.715670451429137e-08,2.1668484019525567e-07,2.308875499603747e-06,0.9999947819329696,6.161777069408972e-07,2.3796978396482496e-07,2.2011991774482345e-07,1.9037066580709448e-07,1.563916518037332e-07,1.3133642687725735e-07,1.2454339652734425e-07,9.78527996675783e-08,8.638193497796764e-08,7.999699289892014e-08,6.94388849402963e-08,5.58758848002992e-08,5.154422258092524e-08,4.781021886629701e-08,3.497238475435366e-08,3.0942766203470694e-08,3.0445412868242266e-08,2.6550388245472104e-08,2.618037475902898e-08,2.210226761633615e-08,2.017692023572802e-08,1.934388260878415e-08,1.914651317509197e-08,1.8578137813422743e-08,1.8218018585490406e-08,1.804304416863233e-08,1.706757942436386e-08,1.6048532286987825e-08,1.5913802024578884e-08,1.5525536286875313e-08,1.5033571914449547e-08,1.3250194270037508e-08,1.2981852703913649e-08
2.301599537643897e-09,9.42457130760783e-09,1.3668239190006372e-08,4.83091010123623e-08,8.40327306559492e-08,2.7848075920895555e-07,2.153190894455877e-06,0.9999920055344697,1.1486044315893727e-06,9.625554855329892e-07,7.06208838486822e-07,4.788483794664629e-07,3.4841729168608373e-07,3.179474433547456e-07,2.1383635286564752e-07,1.763730131841366e-07,1.5715693959836125e-07,1.2775172569715068e-07,9.409244050546457e-08,8.433033534298204e-08,7.626240595513838e-08,5.073476586886092e-08,4.354447246065068e-08,4.268168470368896e-08,3.609236856318638e-08,3.5483338610802396e-08,2.894906029201985e-08,2.598758169565552e-08,2.473150782315981e-08,2.4436047658912624e-08,2.3589742527635155e-08,2.3057039591283318e-08,2.2799178101633576e-08,2.137418620200777e-08,1.9905951250973596e-08,1.97135783075041e-08,1.916159325230568e-08,1.846642750366187e-08,1.5989817489368902e-08,1.5623370447428256e-08
1.8603154200247512e-09,7.1835854894869805e-09,1.0074171314424195e-08,3.118063462410806e-08,4.8782898495924855e-08,1.1850808745602969e-07,3.216653018499747e-07,2.163237579164302e-06,0.9997817826902559,0.00019555493470190582,1.192999759692815e-05,2.9663518005040034e-06,1.350524792259255e-06,1.119426990839572e-06,5.423229392584956e-07,3.978794711030986e-07,3.3316800213533746e-07,2.4510834169998985e-07,1.596957850709984e-07,1.3794631895843318e-07,1.2087268636669737e-07,7.186467050119029e-08,5.968254267719732e-08,5.826405766496327e-08,4.7703947139039116e-08,4.675505451696762e-08,3.6841559010777106e-08,3.25265043245716e-08,3.0731580383469946e-08,3.0312273251005784e-08,2.9117320706431084e-08,2.8369856141075464e-08,2.800930868517063e-08,2.6033339383833633e-08,2.4023579221300727e-08,2.376247682877983e-08,2.3016324268225552e-08,2.208185734633702e-08,1.8805227924664197e-08,1.832785273890677e-08
1.8158555956450422e-09,6.969516295019596e-09,9.741146624032553e-09,2.9749007738737803e-08,4.6091422616053304e-08,1.0912537013762406e-07,2.8098887502993385e-07,1.5406818126217173e-06,0.00019692280245984308,0.9997608892360087,2.9894633032780623e-05,4.329212596467428e-06,1.716325441640383e-06,1.3871606589133728e-06,6.238979194147854e-07,4.47746588525121e-07,3.7084323551180286e-07,2.683054261256126e-07,1.714483434386292e-07,1.472783457102624e-07,1.2844822775962875e-07,7.514070579548338e-08,6.212357470775425e-08,6.061393117620616e-08,4.94125539530548e-08,4.8409812492368706e-08,3.796940296886852e-08,3.3449277741965686e-08,3.157367175291606e-08,3.1135903128846695e-08,2.988916189488181e-08,2.910993283946406e-08,2.8734232293362343e-08,2.6677377613146056e-08,2.4588762010780102e-08,2.431770683569321e-08,2.3543516761343544e-08,2.257462879251271e-08,1.918410611218881e-08,1.869109988151241e-08
1.7325379653432171e-09,6.574633621763409e-09,9.131931876032566e-09,2.720608694988863e-08,4.1417586692182025e-08,9.3734774075035e-08,2.2172174611395397e-07,9.291422018319903e-07,1.2044086695653388e-05,3.205726789706289e-05,0.999933219362705,1.244643340747404e-05,3.109008601093684e-06,2.33283126728309e-06,8.531042014785357e-07,5.792769865395558e-07,4.673306292957005e-07,3.251554754329044e-07,1.9889325902378034e-07,1.6877912945805045e-07,1.4570458790384165e-07,8.23117047061669e-08,6.741214084159105e-08,6.569863642534198e-08,5.30726119949193e-08,5.1951148628081826e-08,4.0357293643522164e-08,3.539319251302589e-08,3.334379438573519e-08,3.286634021485334e-08,3.150839781343268e-08,3.066107114747648e-08,3.025291496984233e-08,2.8023197302499492e-08,2.5766591065355603e-08,2.547438156364883e-08,2.464065512764427e-08,2.3598779322022207e-08,1.996773077728264e-08,1.9441848040354073e-08
1.61991642161162e-09,6.053631311345103e-09,8.338182164083772e-09,2.4035599021401673e-08,3.5777878831519954e-08,7.658016974297566e-08,1.648737617533763e-07,5.403657195731945e-07,3.0067183735862578e-06,4.561910671473825e-06,1.510912791404757e-05,0.9999494973841224,1.4213474452128893e-05,7.738693907912055e-06,1.5221269207523152e-06,9.112677755650529e-07,6.957314252464909e-07,4.480550581419152e-07,2.5291100025229637e-07,2.1006077156651367e-07,1.781450597578159e-07,9.485490697306973e-08,7.649539035447889e-08,7.441268605445923e-08,5.923646179782635e-08,5.790529047895329e-08,4.4298459816773583e-08,3.857380542603495e-08,3.62294234796119e-08,3.5684807723906994e-08,3.413909013688093e-08,3.317708675595568e-08,3.2714358674036036e-08,3.0195027274258805e-08,2.7658625177732893e-08,2.733130811710466e-08,2.6398956200811864e-08,2.5236445551216628e-08,2.1210503659372488e-08,2.063100929511675e-08
1.5198989129937455e-09,5.602793287260815e-09,7.660374627530845e-09,2.144972005594005e-08,3.1327626747651797e-08,6.405264226316985e-08,1.285027114812561e-07,3.589327225457022e-07,1.3171937416457016e-06,1.7003542476340334e-06,3.2498073380347922e-06,1.681497919564916e-05,0.9996596609772935,0.00030829689824909533,3.2943281449702703e-06,1.5893206203315526e-06,1.1156399773364004e-06,6.445635498842557e-07,3.284622636827268e-07,2.659278800822007e-07,2.208473917521887e-07,1.0989223755673023e-07,8.714300617745167e-08,8.460034255265145e-08,6.629085900240275e-08,6.470623156972163e-08,4.8700139680954027e-08,4.2089140203116633e-08,3.940468892523017e-08,3.8782923689787166e-08,3.7022083546281785e-08,3.592912505759945e-08,3.540419476437742e-08,3.255614395366277e-08,2.970431924328621e-08,2.9337597477132248e-08,2.8294785712668618e-08,2.6997537644696995e-08,2.2533917921484707e-08,2.189547976548056e-08
1.4890148429576214e-09,5.465882778700715e-09,7.456242292470916e-09,2.0693326354875127e-08,3.005183457086009e-08,6.062506488532204e-08,1.192600545176182e-07,3.1967190036285733e-07,1.077324876116194e-06,1.3511504270832628e-06,2.3548972815625212e-06,8.273910979642428e-06,0.0003102006257393906,0.9996656848947585,4.622379468264174e-06,1.9895159899112584e-06,1.3415505859216716e-06,7.381311904737803e-07,3.6073111219496913e-07,2.891821292877636e-07,2.3824806136682912e-07,1.1560556335009302e-07,9.112419434916451e-08,8.84022948425357e-08,6.888318061446664e-08,6.72018347073155e-08,5.028938799186437e-08,4.334901627842924e-08,4.053910462582541e-08,3.98889566210706e-08,3.8049106074283896e-08,3.6908168020888464e-08,3.6360477251000386e-08,3.3392512830012684e-08,3.042612115711903e-08,3.004513585112902e-08,2.896239064546425e-08,2.7616528101344508e-08,2.2995886596719895e-08,2.233641812775188e-08
1.350327214476031e-09,4.864920568498649e-09,6.5699492794896405e-09,1.753310153438779e-08,2.4852577367394703e-08,4.741289561141066e-08,8.634575873475707e-08,1.9934869462179407e-07,5.177956609684936e-07,6.056177057333985e-07,8.590144722621194e-07,1.638642434620691e-06,4.1624551546260625e-06,6.888471666660863e-06,0.999953606346874,2.0566346823590273e-05,6.29447007303292e-06,1.9023481639383803e-06,6.329548504693117e-07,4.719469833348486e-07,3.6781799484288576e-07,1.5198968975814325e-07,1.1567195191296701e-07,1.117560255404928e-07,8.433615288180683e-08,8.203763373967275e-08,5.945347213059261e-08,5.0516300315441545e-08,4.695581732778608e-08,4.6136651892338605e-08,4.382804685709152e-08,4.2403647146936874e-08,4.172181284173155e-08,3.8050942240707e-08,3.441861507861083e-08,3.395517155156554e-08,3.2642218433934653e-08,3.10171312821797e-08,2.550350930995241e-08,2.4725610175935884e-08
1.2777813596601005e-09,4.5586831368002e-09,6.123999940225962e-09,1.6009936848486107e-08,2.241617516734696e-08,4.159216082240263e-08,7.303348147300702e-08,1.576858899031965e-07,3.6721112826942274e-07,4.1925211430145023e-07,5.591300703853178e-07,9.196157436672913e-07,1.702488637412555e-06,2.226141272610285e-06,2.3794217672425924e-05,0.9999111700866992,5.0597714678483254e-05,4.580691719735918e-06,9.493733812168086e-07,6.642514991093589e-07,4.94427724462309e-07,1.8082991046992295e-07,1.3438730989314132e-07,1.2948095028483965e-07,9.56497174265556e-08,9.286409827746022e-08,6.590016101842454e-08,5.547652597781514e-08,5.13663617712933e-08,5.04241155021762e-08,4.77755229526504e-08,4.6146558912434215e-08,4.5368168315680895e-08,4.1194667228165214e-08,3.709073249978734e-08,3.656927986874093e-08,3.50948976891905e-08,3.3274806471350505e-08,2.7144570473512207e-08,2.6285847695020522e-08
1.2331957003322645e-09,4.373341705011373e-09,5.856046523692953e-09,1.5117288215399984e-08,2.1010392782810582e-08,3.834550813356435e-08,6.593475510110879e-08,1.3714172712509278e-07,3.0133693956450144e-07,3.39948549359495e-07,4.4050189014186376e-07,6.825288967805901e-07,1.145088358510377e-06,1.412018819663424e-06,6.418835485927997e-06,5.3782416522723424e-05,0.9999191875327363,1.1881120430564318e-05,1.3051370325744737e-06,8.617943551024114e-07,6.162255420674005e-07,2.0420971366838818e-07,1.4914449485102416e-07,1.4341227086598085e-07,1.0431532814188516e-07,1.0113732900910506e-07,7.070005767953307e-08,5.9128025152999035e-08,5.459783548812074e-08,5.3561917557025354e-08,5.0655262100531465e-08,4.88715724885253e-08,4.8020291056798925e-08,4.3468977027287285e-08,3.9012871237740604e-08,3.8448298791532043e-08,3.685417910193944e-08,3.48898577650624e-08,2.83071162060093e-08,2.738954835464799e-08
1.1519192636275246e-09,4.041160134639963e-09,5.37954742208852e-09,1.3572296095297596e-08,1.861664233237861e-08,3.300703438262221e-08,5.4771226017484e-08,1.0714442527930053e-07,2.1496897640098854e-07,2.3824821615255544e-07,2.9613196223628054e-07,4.233036095163085e-07,6.333472176963786e-07,7.371686153825425e-07,1.8716685954279176e-06,4.842328376049549e-06,1.4856650262468518e-05,0.9999683318426457,3.0383827111593016e-06,1.6510976384275774e-06,1.0393335704075473e-06,2.650896870324982e-07,1.8610315771178984e-07,1.7814520989716737e-07,1.2515476727410938e-07,1.2096804392444858e-07,8.179895862227681e-08,6.744173169404814e-08,6.190865668978262e-08,6.065017162670797e-08,5.713259456078645e-08,5.498426197983091e-08,5.396165195818616e-08,4.852727179880493e-08,4.3256037850146596e-08,4.259223087498716e-08,4.072329203310512e-08,3.8429170546898834e-08,3.082238803463655e-08,2.9773035002623363e-08
1.0307283499103273e-09,3.5598856447228185e-09,4.6980019729577534e-09,1.1459779609218642e-08,1.5427651173479212e-08,2.6274169268896077e-08,4.158314989628067e-08,7.528244277726577e-08,1.3586863294145602e-07,1.477259309867143e-07,1.7585689271163697e-07,2.3249447022402338e-07,3.1539860889593577e-07,3.5236572015174035e-07,6.563388780463055e-07,1.0635815290366535e-06,1.5889018867436284e-06,5.559717680583211e-06,0.9999510100481004,3.0096646869285108e-05,6.2188054047344786e-06,4.5943891540252485e-07,2.9251604698067466e-07,2.770112569070691e-07,1.7938902101869874e-07,1.7217983276289335e-07,1.0816915790324242e-07,8.652553729156653e-08,7.845528490068899e-08,7.664030337136666e-08,7.160803037768314e-08,6.856483660337416e-08,6.712409309740404e-08,5.95625120375349e-08,5.236393463898858e-08,5.1468598252134815e-08,4.896238270647942e-08,4.5909602617429954e-08,3.5998046213282126e-08,3.465846296725027e-08
9.854399346962612e-10,3.38380512132189e-09,4.4510307202486455e-09,1.0718426611053986e-08,1.4329276082499412e-08,2.4042904111539752e-08,3.74078632421544e-08,6.588860277636482e-08,1.1466410120801939e-07,1.2388685881821277e-07,1.4541980716068917e-07,1.875180760217321e-07,2.466704745690424e-07,2.7217048406185394e-07,4.6756585043702356e-07,6.956982193609529e-07,9.479215950650319e-07,2.0744813852099582e-06,3.253300379092674e-05,0.9999255328488724,3.381475786334389e-05,5.937889249980659e-07,3.601447116696435e-07,3.3927049517534163e-07,2.1111362175089904e-07,2.0194866112681964e-07,1.2245525792607086e-07,9.657392128602223e-08,8.706760858558604e-08,8.494052161498351e-08,7.906423792965177e-08,7.552639498100738e-08,7.385556012562776e-08,6.513477855493314e-08,5.690240344078119e-08,5.588414875520599e-08,5.304127342079457e-08,4.9590322150860306e-08,3.848927688737168e-08,3.700254279413425e-08
9.43545672233513e-10,3.222988397992459e-09,4.226720260925717e-09,1.0058105370458641e-08,1.3361419763741581e-08,2.2120007739153317e-08,3.39007159416793e-08,5.830499502122547e-08,9.840255235293145e-08,1.0576845704125482e-07,1.227454419797025e-07,1.5516410494512575e-07,1.992565869337862e-07,2.1777082431774895e-07,3.524391513257195e-07,4.959625743720481e-07,6.414335281269676e-07,1.168385842646926e-06,6.2843568516931675e-06,3.5841854295452404e-05,0.9999509420497875,7.854228031590782e-07,4.511389428762019e-07,4.224822282924333e-07,2.5117828698111337e-07,2.3935695429522635e-07,1.394847015365094e-07,1.0830003200742998e-07,9.703254917223503e-08,9.452520072304676e-08,8.762530610436084e-08,8.349115026705032e-08,8.154382663556226e-08,7.144051156677343e-08,6.198872772579397e-08,6.082659662205023e-08,5.7591008046621274e-08,5.367759656712185e-08,4.121246210200579e-08,3.9559114821755135e-08
7.83761845718872e-10,2.629617407301004e-09,3.4103746001194295e-09,7.769920791969455e-09,1.009148559651534e-08,1.5948136081166425e-08,2.3249809698362732e-08,3.70934312205684e-08,5.72109565671051e-08,6.061231039589311e-08,6.818730100474957e-08,8.180832007355921e-08,9.891796083307337e-08,1.0566403344865527e-07,1.4955480300573557e-07,1.8863078255959866e-07,2.22919229377183e-07,3.219815271485229e-07,7.19457541843737e-07,1.1901129651206742e-06,2.3691117480554385e-06,0.999980464641955,5.684891907112003e-06,4.344439424288262e-06,9.498468084524046e-07,8.563591545419422e-07,3.2080280569533107e-07,2.1731834178975492e-07,1.851798625498337e-07,1.7835319160233094e-07,1.60160378085547e-07,1.4967650218889106e-07,1.4484294071503505e-07,1.2089707260131348e-07,1.0000045034773574e-07,9.754133519601662e-08,9.082537861627832e-08,8.291002627489494e-08,5.934468512333717e-08,5.641444489248058e-08
7.203192196880016e-10,2.4006015088986724e-09,3.0991331482554873e-09,6.9316624927554624e-09,8.91916265384893e-09,1.3827122757713753e-08,1.9753246406596693e-08,3.057375289197118e-08,4.5501510473124416e-08,4.794040605067745e-08,5.329706147554852e-08,6.269534107537798e-08,7.41217100781459e-08,7.851637022807263e-08,1.0587583714039569e-07,1.2858456052889299e-07,1.4744532556944047e-07,1.9759521865145303e-07,3.565042587559504e-07,4.891491504484356e-07,7.130491819136134e-07,7.29918824242724e-06,0.9993925240190251,0.0005898081232509051,2.7188069843112804e-06,2.297855398415554e-06,5.241984108495463e-07,3.2213777556812435e-07,2.653030922921587e-07,2.535973578849585e-07,2.2303314445347473e-07,2.0585065973877741e-07,1.980329442970349e-07,1.603570368976192e-07,1.2879018630632657e-07,1.2517160360767297e-07,1.1540174861313225e-07,1.0405618259486008e-07,7.153124027282566e-08,6.763048546494118e-08
7.119715253389816e-10,2.3708086366974083e-09,3.058832502503969e-09,6.824903545753863e-09,8.771108485111885e-09,1.3563730846063705e-08,1.932671274911043e-08,2.9799008073822846e-08,4.415277171847108e-08,4.6487952038141374e-08,5.160817716871896e-08,6.056524283406853e-08,7.141325595973843e-08,7.557322589485621e-08,1.0134127161223843e-07,1.2256181709116362e-07,1.400816830179888e-07,1.8625739979953032e-07,3.293165702884051e-07,4.452115435652528e-07,6.347940422527486e-07,5.148896027731191e-06,0.000590651170606253,0.9993928499449024,3.2880084047375706e-06,2.7500898874693316e-06,5.669401720159935e-07,3.4252564044959217e-07,2.8047629274720046e-07,2.6776168205876585e-07,2.346731635536435e-07,2.161470328181066e-07,2.0773617889660154e-07,1.6738206393399478e-07,1.3379411746833287e-07,1.2996000820397944e-07,1.1962691153799198e-07,1.0765494152076424e-07,7.353667798703431e-08,6.946795747924879e-08
6.436865998379582e-10,2.130213985557006e-09,2.7350558501789314e-09,5.982788041394828e-09,7.61371919114113e-09,1.1541057697530756e-08,1.6110541492601427e-08,2.4108283180651912e-08,3.4535955756008796e-08,3.617851569410892e-08,3.973513179775143e-08,4.582349403399162e-08,5.299299133574115e-08,5.568432116652452e-08,7.177165245066433e-08,8.4314184792941e-08,9.425819739638354e-08,1.190023577643139e-07,1.8579400856990693e-07,2.3140929334523735e-07,2.948703348474937e-07,1.0119796485492804e-06,3.3890120501923493e-06,4.4192709891312485e-06,0.9991767879069295,0.0008077262610881643,1.3752614105321018e-06,6.591744203525407e-07,5.021643358188262e-07,4.7200249979192774e-07,3.966243711815401e-07,3.564391345489069e-07,3.386640125076298e-07,2.5765790988401994e-07,1.952165409590972e-07,1.8841812363250016e-07,1.7045495415545592e-07,1.5016310783815457e-07,9.588102465178712e-08,8.978721138335773e-08
6.367806667083063e-10,2.106166762921692e-09,2.702849090612711e-09,5.900409984314901e-09,7.501436534286071e-09,1.1348016136481726e-08,1.5808733935334554e-08,2.3586998983507363e-08,3.3678880892775434e-08,3.526356924227823e-08,3.869077212985072e-08,4.4545545347425755e-08,5.142177380154637e-08,5.3997875782533064e-08,6.934612184973615e-08,8.125312072826541e-08,9.065932815908284e-08,1.1394867188185869e-07,1.7610766176981744e-07,2.1799810282395227e-07,2.756037556093247e-07,9.014727194871325e-07,2.7201488261912053e-06,3.4534734321739647e-06,0.000808312629569219,0.9991775952383203,1.5432575582602338e-06,7.15779738770553e-07,5.398419288891555e-07,5.063342285007762e-07,4.230351342930165e-07,3.7891674880892426e-07,3.5946866458939353e-07,2.7141326882843805e-07,2.0420647217060441e-07,1.969332902469013e-07,1.7776382486173093e-07,1.5617678814310884e-07,9.888073782123608e-08,9.249669712818609e-08
5.57246049998251e-10,1.8336441865270306e-09,2.340130110233864e-09,4.9932989663618614e-09,6.2780411790272375e-09,9.287765936427562e-09,1.2653008926367221e-08,1.8290304230819325e-08,2.5236161659210207e-08,2.6291823296790943e-08,2.8547348513263233e-08,3.232180711311054e-08,3.663993369017221e-08,3.822614884746757e-08,4.7384223360821276e-08,5.416096751160277e-08,5.933840160740733e-08,7.159263075386747e-08,1.0128588488116488e-07,1.1919713381890322e-07,1.4172317028552227e-07,3.342488822767622e-07,6.113662431950923e-07,6.786845124182523e-07,2.3124765521612725e-06,2.853260253911043e-06,0.9999754080180534,5.820396677566809e-06,2.6020227476622136e-06,2.2363128795178263e-06,1.5154418072733122e-06,1.2198730637118105e-06,1.1045388920142537e-06,6.773570179970064e-07,4.3179852272805253e-07,4.089911953294728e-07,3.5213711799597093e-07,2.9245288898316464e-07,1.574891743639103e-07,1.445153386308169e-07
5.160593187715356e-10,1.6951044161881378e-09,2.1570936408807494e-09,4.546990959867927e-09,5.683431276680172e-09,8.309755139169676e-09,1.118991261905547e-08,1.5913497381797832e-08,2.1578865105415332e-08,2.2425666350917565e-08,2.4223919589800287e-08,2.7202095316244815e-08,3.0564824653556394e-08,3.178823574021392e-08,3.874478154934797e-08,4.377653882826875e-08,4.7560474003727675e-08,5.633130123874611e-08,7.668487229684734e-08,8.838329783214459e-08,1.0255953609349925e-07,2.1101293568386527e-07,3.368169670340446e-07,3.6354950182626485e-07,8.065276613077681e-07,9.008931971603158e-07,7.785896969388762e-06,0.9999295616200492,2.4933926467681137e-05,1.6129309083796068e-05,6.336723361727617e-06,4.104783957604193e-06,3.400166577338054e-06,1.5064721446995076e-06,7.749568027939926e-07,7.19455304648823e-07,5.895784935680897e-07,4.633584097905408e-07,2.1677956986872028e-07,1.958886252066145e-07
4.972941070752645e-10,1.6326523840454935e-09,2.0749222476883693e-09,4.349538068377671e-09,5.422161451617096e-09,7.885676313666226e-09,1.0563657408590143e-08,1.4914127996358183e-08,2.0070062671346102e-08,2.083507230505986e-08,2.2455327065869305e-08,2.51267082902751e-08,2.8126089961864425e-08,2.921279491094241e-08,3.5352171902282196e-08,3.975046521690452e-08,4.3036378367746405e-08,5.058798205489495e-08,6.780817857914422e-08,7.75180213577003e-08,8.911954270888947e-08,1.7437239438502449e-07,2.6592379368334334e-07,2.845373342519308e-07,5.656084789201177e-07,6.198871391686111e-07,2.8458412819528948e-06,2.6733719991666594e-05,0.9988564631904049,0.0010692132050434066,1.6361125046232634e-05,1.1046723946654188e-05,8.208101738366057e-06,2.590098480991005e-06,1.1133863609756632e-06,1.0175340535032523e-06,8.033619700896338e-07,6.066089861766461e-07,2.5854367167816344e-07,2.314390448436402e-07
4.927753395871656e-10,1.6176769040553177e-09,2.0552501647260346e-09,4.3025396485266e-09,5.360138796598472e-09,7.785522110929082e-09,1.0416495757638696e-08,1.4680900202687385e-08,1.9720485332250394e-08,2.0466928119779813e-08,2.2046866199547058e-08,2.46490233388252e-08,2.756681317588633e-08,2.8622929257688554e-08,3.4580471660409596e-08,3.8838960496706144e-08,4.201556846712758e-08,4.930156476164481e-08,6.584953832234837e-08,7.513958405992115e-08,8.620423303904977e-08,1.667870772894648e-07,2.51875611000791e-07,2.6901297811063966e-07,5.230400186882993e-07,5.711695722175808e-07,2.3938926207600918e-06,1.6778556401568253e-05,0.0010702847375008773,0.9988538739845406,2.0878832279009812e-05,1.5211931551737173e-05,1.0784658390089066e-05,3.037127080738994e-06,1.2321124888951353e-06,1.1205375874082485e-06,8.745943499861585e-07,6.524786610153764e-07,2.7075785113926446e-07,2.417460673069113e-07
4.796100439424576e-10,1.5741894677017091e-09,1.9981958551553952e-09,4.166842207507704e-09,5.1814288474568915e-09,7.498079645909253e-09,9.995759839703048e-09,1.4017579426691937e-08,1.8731663582102075e-08,1.94263980031188e-08,2.089424435926422e-08,2.3304482725536023e-08,2.599685739197151e-08,2.696868072251847e-08,3.2427214381373956e-08,3.630430538357275e-08,3.9183968656867365e-08,4.575211952359474e-08,6.05029890398058e-08,6.868355343807274e-08,7.834098967587453e-08,1.4697100837682447e-07,2.1620162781479338e-07,2.2979922781954512e-07,4.2196057120423934e-07,4.566080669983889e-07,1.5596958851173254e-06,6.354453760065309e-06,1.728263188006963e-05,2.2189139596116253e-05,0.9997430761223353,0.0001628946675735282,3.341603218721009e-05,5.366383832507791e-06,1.730204872290901e-06,1.545025614858752e-06,1.1563418970281862e-06,8.259691235310749e-07,3.128937914393419e-07,2.7701159108656816e-07
4.711446581580568e-10,1.546336544156011e-09,1.96170852366714e-09,4.080524407346286e-09,5.068028482058585e-09,7.316540583518176e-09,9.73124619627179e-09,1.3603139054135145e-08,1.811782924990855e-08,1.8781059292871578e-08,2.0180747789453943e-08,2.2474680477236364e-08,2.5031014524086636e-08,2.5952121260056504e-08,3.111187278298659e-08,3.4762202859109396e-08,3.7466156498202144e-08,4.361218761524239e-08,5.731973781502615e-08,6.486469163115338e-08,7.372385241141479e-08,1.357570256828515e-07,1.9665640636661227e-07,2.0844347363396867e-07,3.7061529953383787e-07,3.9904932225914776e-07,1.2325439292353029e-06,4.053548024541394e-06,1.1200883398515773e-05,1.5645804182861944e-05,0.00016503804916973553,0.9986301398952491,0.0011547304329158786,8.846877370917996e-06,2.247907494821513e-06,1.976112695657915e-06,1.426407000053485e-06,9.823264373420535e-07,3.4634465391203103e-07,3.0471050766284226e-07
4.670011856750144e-10,1.5327335138449775e-09,1.9439035758926985e-09,4.038528018882202e-09,5.012930660946262e-09,7.228566445327708e-09,9.603385528840031e-09,1.3403490202377825e-08,1.7823175293622138e-08,1.8471438639550947e-08,1.9838784039788506e-08,2.2077627863793146e-08,2.4569676908969446e-08,2.5466856764231645e-08,3.048602701268516e-08,3.403006836825392e-08,3.665188083155583e-08,4.2601270525966616e-08,5.582606958502092e-08,6.307908967173693e-08,7.157355381078246e-08,1.3063563290831556e-07,1.8787912906774228e-07,1.9888280640174813e-07,3.4842904728891546e-07,3.743152603083008e-07,1.1068579388161953e-06,3.337238665276781e-06,8.217482393822117e-06,1.0959930135331212e-05,3.3289664370528677e-05,0.0011565200266819508,0.9987647578063532,1.1859529651337337e-05,2.590155911957776e-06,2.256758476652497e-06,1.5965061923675834e-06,1.0768662277934306e-06,3.6488780736799354e-07,3.199615282821381e-07
4.43328548847742e-10,1.4554644654288667e-09,1.8429845521210679e-09,3.802353259477919e-09,4.70415977464174e-09,6.738863102555896e-09,8.896207116300008e-09,1.2308805435510067e-08,1.622189465581833e-08,1.6790926352968305e-08,1.79875124964966e-08,1.9936793914134932e-08,2.2092798824703488e-08,2.2865415683294778e-08,2.7157244823600953e-08,3.015634068471211e-08,3.2359582055154225e-08,3.731463411225397e-08,4.813682768330847e-08,5.396035053824908e-08,6.068989907460437e-08,1.0584278224318526e-07,1.4687475828630907e-07,1.5450148182748863e-07,2.523600698708098e-07,2.683014782485541e-07,6.587589222760767e-07,1.4606432523480838e-06,2.5826069708802575e-06,3.059573671338859e-06,5.592329634572732e-06,9.583875791823995e-06,1.3384022849723554e-05,0.9999388038042817,9.198985111886981e-06,7.130256221024107e-06,4.02210543969211e-06,2.1844328649824206e-06,5.198933048533741e-07,4.4450225321496337e-07
4.1802458116811086e-10,1.3735824092120971e-09,1.7363919958975422e-09,3.55576409828526e-09,4.383460833259563e-09,6.235302371986808e-09,8.175915645041491e-09,1.1208000978200694e-08,1.4632627792056465e-08,1.5126103418751558e-08,1.6160484938340977e-08,1.7836552733776168e-08,1.9678120051718185e-08,2.033486755745184e-08,2.3956361288962357e-08,2.6459905247621747e-08,2.8285953973071437e-08,3.235569495434583e-08,4.108619668827097e-08,4.569540780795383e-08,5.095174769497816e-08,8.500193845001629e-08,1.1407407441691634e-07,1.1931009934043945e-07,1.8316502945481057e-07,1.9302414242284568e-07,4.085425213607598e-07,7.405213356749621e-07,1.0849877389084737e-06,1.2079380874955576e-06,1.7297138886739711e-06,2.2910284669897583e-06,2.6758049009935623e-06,1.0533748618647816e-05,0.9984347965361028,0.0015047836733032799,2.9157710613751144e-05,7.975652574615933e-06,8.397231172782834e-07,6.897225073710484e-07
4.145961841761116e-10,1.3625506289864003e-09,1.7220612766913432e-09,3.522861313837481e-09,4.340813521252158e-09,6.168768194495178e-09,8.081325836005486e-09,1.1064623725615882e-08,1.4427353668221428e-08,1.4911321541843102e-08,1.5925344748313586e-08,1.756726494923657e-08,1.9369737423087613e-08,2.0012133416864152e-08,2.3551081399389147e-08,2.599412540202316e-08,2.7774385790723694e-08,3.173742035127664e-08,4.0219435143737e-08,4.4686530471377366e-08,4.977228837922522e-08,8.257271417517843e-08,1.1036247964556192e-07,1.1534847888518369e-07,1.7579097773160024e-07,1.8506397456023242e-07,3.8525074198548517e-07,6.850673057601933e-07,9.869477344676841e-07,1.092803629400373e-06,1.5327812917157176e-06,1.992992128008653e-06,2.3024091284496485e-06,7.858498646146928e-06,0.0015055967410304634,0.9984052782617998,5.9072089833621566e-05,1.051624137060892e-05,9.07572729319758e-07,7.401023549704444e-07
4.045734517970541e-10,1.330395217429956e-09,1.6803355468514516e-09,3.4274410175607704e-09,4.217347376726504e-09,5.976786575339861e-09,7.809240096699901e-09,1.0653922908849887e-08,1.3841814721789366e-08,1.4299019004438296e-08,1.5255803829832257e-08,1.68019166060299e-08,1.8494976424117923e-08,1.9097283087013322e-08,2.2406306943383902e-08,2.4681502415690507e-08,2.6335075483669876e-08,3.000388538707732e-08,3.7805428112137717e-08,4.188601430761063e-08,4.651003389764548e-08,7.597242005513039e-08,1.0040960916435005e-07,1.0474870066941207e-07,1.5651451886542388e-07,1.6432200747674554e-07,3.2750739350482986e-07,5.558814393629018e-07,7.701896816085158e-07,8.423151130046626e-07,1.1283004451878629e-06,1.407543187566033e-06,1.587405683638966e-06,4.182001718202308e-06,2.948289342659116e-05,6.026861265565036e-05,0.9998563713967865,3.999522363764252e-05,1.1794078904059244e-06,9.359554638952384e-07
3.917823476895902e-10,1.2895187525764715e-09,1.6273719500537878e-09,3.3069465831126088e-09,4.061799920740234e-09,5.735982140435434e-09,7.469381600916822e-09,1.0143758484049682e-08,1.3118520230320073e-08,1.354325556356145e-08,1.4430716012814014e-08,1.586111327231444e-08,1.7422481735774772e-08,1.7976656626763937e-08,2.101069091421114e-08,2.3086254770302453e-08,2.458970628374551e-08,2.791151303038317e-08,3.491784763157694e-08,3.855112185372663e-08,4.264420458455833e-08,6.832953849134006e-08,8.907869012224912e-08,9.27160836618115e-08,1.3527865634650543e-07,1.415653662889162e-07,2.6786128681518564e-07,4.314784307788583e-07,5.737840449445721e-07,6.196757935097807e-07,7.93120141714624e-07,9.50991209621125e-07,1.0477208852635575e-06,2.1760877631342695e-06,7.89269465277215e-06,1.0475971150039664e-05,4.1076574946001505e-05,0.9999297792277952,1.7334319991402853e-06,1.3148371257422651e-06
3.4381187629707514e-10,1.1381060855203059e-09,1.4320779117187408e-09,2.8698258816620164e-09,3.5015052725096143e-09,4.880167350132297e-09,6.276532273783829e-09,8.382508080513018e-09,1.0662106091112932e-08,1.0982363831422696e-08,1.164782230612149e-08,1.2710573284278513e-08,1.3857569798507762e-08,1.4261358605524939e-08,1.6445266127659123e-08,1.7912971497862108e-08,1.896386889026736e-08,2.1252692060870514e-08,2.5948559474156813e-08,2.8313979801817244e-08,3.0927642934490054e-08,4.65378203786855e-08,5.812944902501271e-08,6.008253322080624e-08,8.166759233459239e-08,8.46653439014411e-08,1.3864612166463597e-07,1.96153663083268e-07,2.3831488622477622e-07,2.507910048821813e-07,2.9408386691317584e-07,3.2893778376999237e-07,3.485000180828808e-07,5.137460286271174e-07,8.732896977786006e-07,9.544867313263283e-07,1.2923724298263937e-06,2.061108806069383e-06,0.9998789006578668,0.00011301461260374396
3.3627655443573343e-10,1.1145792520933187e-09,1.4018543920789818e-09,2.80313668002946e-09,3.4165559475620845e-09,4.751934661414261e-09,6.0997497607450676e-09,8.125238206420169e-09,1.0308410853774044e-08,1.0614352793869582e-08,1.1249522964948751e-08,1.2262470274929823e-08,1.3353821434852065e-08,1.3737541617494233e-08,1.5809069826886816e-08,1.7197515404000706e-08,1.818993278213159e-08,2.0346766407915882e-08,2.4753691837395355e-08,2.6964093238063208e-08,2.9399622957405847e-08,4.384196267255942e-08,5.443815367615626e-08,5.621369249553104e-08,7.568609062233033e-08,7.836805647496962e-08,1.2598094003940163e-07,1.7543616995565625e-07,2.1096134681508434e-07,2.213709949152172e-07,2.5716223045883774e-07,2.8562187089551457e-07,3.01465782973952e-07,4.317513080075494e-07,6.993818436064095e-07,7.571776378919737e-07,9.877198249650028e-07,1.4672773289224805e-06,0.00011316394021537292,0.9998803534602175
