0.9999825124568557,1.5447968305801717e-05,2.1082804190628643e-07,1.656479597708159e-07,6.797594120804987e-08,4.821083902681238e-08,4.7074407884510234e-08,3.513118683580406e-08,3.2863292534772824e-08,2.7127646485464807e-08,2.6104084338708068e-08,2.373736878383976e-08,2.24729820785839e-08,4.870244069524777e-07,2.8371056459614975e-07,1.4428808197401026e-07,5.640379393569215e-08,3.575283189153409e-08,3.1347734547157474e-08,2.516379775988297e-08,1.8982699522784575e-08,1.849883768195904e-08,1.8343720958838903e-08,1.775056757045092e-08,1.7199892681646535e-08,1.595883046079658e-08,1.510230185191593e-08,1.4712182115266941e-08,1.3658448644058485e-08,1.2898490028952542e-08,1.1493358388387402e-08,1.1173650329265772e-08,1.0873604992904288e-08,1.0825242408405408e-08,1.0500005567747439e-08,1.0411599938383926e-08,1.0324399234689113e-08,9.992224001507482e-09,9.795385279720077e-09,9.75721946399503e-09
1.575653600910719e-05,0.9999816154007368,2.78165458979787e-07,2.1082680349308637e-07,7.783424662343708e-08,5.38001248563715e-08,5.24466383636044e-08,3.841380420403182e-08,3.579844276024054e-08,2.924958476183383e-08,2.8092196891670135e-08,2.5429186371853696e-08,2.4014225771572792e-08,7.546287785622394e-07,3.934222982639869e-07,1.8023503710986735e-07,6.365389268775835e-08,3.913333166108017e-08,3.405897205053394e-08,2.7032076811193e-08,2.0135589991410815e-08,1.9601794066253736e-08,1.943086270671877e-08,1.8778076155213764e-08,1.8173276630562298e-08,1.6814292958708605e-08,1.5880029275280725e-08,1.5455520979662275e-08,1.4311960139504887e-08,1.3490157906974017e-08,1.1977148260034666e-08,1.163423975160906e-08,1.1312849529958277e-08,1.1261084451492492e-08,1.09132504707784e-08,1.081879295627769e-08,1.0725654541436493e-08,1.0371196753902423e-08,1.0161391605988849e-08,1.0120734640580438e-08
1.888457183775208e-07,2.7819339099295607e-07,0.999970843229222,1.0330614321499104e-05,2.371718386657411e-07,1.2620764933801698e-07,1.2111431211155938e-07,7.437454426731389e-08,6.70454544327177e-08,5.0171028225490536e-08,4.742403080622537e-08,4.1351379601154624e-08,3.826350932526342e-08,1.439673466920382e-06,1.1748896093402404e-05,3.626820905750134e-06,1.670042793150615e-07,7.645606500194303e-08,6.236563679596726e-08,4.4967344935369205e-08,3.0252200931825574e-08,2.921139460901775e-08,2.8880993443692785e-08,2.7631483918082868e-08,2.6491623137638657e-08,2.3987167814664518e-08,2.2315060655945925e-08,2.156866353111819e-08,1.9597039444479532e-08,1.821670144840985e-08,1.575226605411185e-08,1.520924336888669e-08,1.4705086953245874e-08,1.4624305641694883e-08,1.4084620977036563e-08,1.3939053761843352e-08,1.3795861413633146e-08,1.3254531818818261e-08,1.293664079080691e-08,1.2875284458503043e-08
1.3715258928581097e-07,1.9061022171299167e-07,1.2079889177498936e-05,0.9999485096501038,3.085113542781536e-07,1.535160321487752e-07,1.4671603497332852e-07,8.60078809295154e-08,7.689420561151525e-08,5.630939977874347e-08,5.302294692945575e-08,4.582378188475985e-08,4.219940329431356e-08,6.929925768033583e-07,2.2748661469280104e-06,3.431015734819591e-05,2.0925575469287847e-07,8.861555089752725e-08,7.112948239413489e-08,5.010003103084639e-08,3.291038262853301e-08,3.171937410464609e-08,3.13420175622779e-08,2.991798786189207e-08,2.8623333214968132e-08,2.5792410669005596e-08,2.3914319159671763e-08,2.3079180949712805e-08,2.0882308065393852e-08,1.9352825465089213e-08,1.6639575106594202e-08,1.604529119179305e-08,1.5494627880308416e-08,1.5406489463359288e-08,1.4818354768270093e-08,1.4659943977964164e-08,1.4504191736296934e-08,1.3916189084620867e-08,1.3571446501839338e-08,1.3504962929742441e-08
5.0493358771681044e-08,6.284170910070247e-08,3.9146802692124186e-07,7.767161694032516e-07,0.999987265608913,1.1581828967632156e-06,1.0023734470790077e-06,2.621559271215204e-07,2.1247237272545553e-07,1.2395723679742772e-07,1.1257462945726043e-07,8.977890597269189e-08,7.93446939296792e-08,1.375407715473586e-07,2.3642623782352565e-07,1.5451146311102736e-06,5.306937049452141e-06,2.778463080019751e-07,1.847220350232901e-07,1.0298999910501301e-07,5.53651369940386e-08,5.2609527727519746e-08,5.174967892703898e-08,4.8559192940722176e-08,4.5734057733961e-08,3.9782700349991224e-08,3.601756673350387e-08,3.438958858130052e-08,3.0233627770091884e-08,2.7451405613173717e-08,2.2729603829954005e-08,2.1735950611301905e-08,2.082705592909011e-08,2.068259984070489e-08,1.9726124945918257e-08,1.9470841467588328e-08,1.9220628862217688e-08,1.82843178497794e-08,1.7741038721656866e-08,1.763681719051141e-08
3.072525061007096e-08,3.6703988630694954e-08,1.2886434898856498e-07,1.777769364888043e-07,1.205932264227792e-06,0.9995453090168199,0.0004417447935524034,7.771892577662647e-07,5.525012643117252e-07,2.419050081667365e-07,2.1112029152643929e-07,1.5474265222618726e-07,1.3118499115527277e-07,6.683331761083521e-08,9.614579618282393e-08,2.2580875362459443e-07,6.587231639214769e-06,8.562858901094304e-07,4.426214959708729e-07,1.866120966180223e-07,8.21549541740744e-08,7.707902154679952e-08,7.55155091095748e-08,6.979506222758756e-08,6.484045266546256e-08,5.471397972444384e-08,4.8553075515572774e-08,4.5948151907592e-08,3.945286063587523e-08,3.52367756223084e-08,2.831565564985809e-08,2.690336149873153e-08,2.5624064263509183e-08,2.5421790067997522e-08,2.409020112732516e-08,2.3737234845474226e-08,2.3392033017482174e-08,2.2108666644789245e-08,2.1369567823084602e-08,2.122833093942899e-08
2.9680680394311625e-08,3.5370660780289044e-08,1.2089765953941875e-07,1.6484117326845217e-07,1.0077745442586166e-06,0.00044252747348200286,0.9995465228476472,8.682477758991075e-07,6.084284918256142e-07,2.576630782350718e-07,2.2390998048519975e-07,1.6266518888947473e-07,1.3731121836894505e-07,6.376456645901057e-08,9.097039101977585e-08,2.0718653307917573e-07,4.472516011962927e-06,9.604895335407412e-07,4.827676615667972e-07,1.9719527117257017e-07,8.505479154467108e-08,7.970173515111584e-08,7.805491366963952e-08,7.203771920120147e-08,6.683694645351906e-08,5.623727565179119e-08,4.981185841012084e-08,4.7100677211464904e-08,4.035492754178961e-08,3.598868299667619e-08,2.8842392537200412e-08,2.7388122175457352e-08,2.6071936636883983e-08,2.5863925329158133e-08,2.4495263833229493e-08,2.4132688343604776e-08,2.3778157457736082e-08,2.2460852621014683e-08,2.170270412291083e-08,2.1557874795168104e-08
1.9806454949807867e-08,2.3042695585742843e-08,6.233021764311768e-08,7.796931210150306e-08,2.6119813233872285e-07,1.2375822489181272e-06,1.511412147048994e-06,0.9993942348803887,1.434362179514442e-05,9.199239703509639e-07,7.022770533244263e-07,4.0146632767474816e-07,3.055320265458256e-07,3.780024193970581e-08,5.017916521907657e-08,9.104970272498794e-08,5.011385439079278e-07,0.0005780087583585451,5.354435611049426e-06,5.582738887170113e-07,1.494132673821638e-07,1.3669552880606602e-07,1.3287889011553083e-07,1.1929330357119976e-07,1.0801396860996617e-07,8.622890025882477e-08,7.388084482824627e-08,6.886200004529817e-08,5.683693953203307e-08,4.942419398944095e-08,3.789071005716644e-08,3.5648762475187926e-08,3.3647587570814294e-08,3.333366680376048e-08,3.128479667195515e-08,3.07471923677701e-08,3.0223162624950276e-08,2.8293507958585122e-08,2.7194445926023436e-08,2.6985610909934056e-08
1.795860071517432e-08,2.078494999648286e-08,5.36401596219882e-08,6.609290082189549e-08,1.9941078478551773e-07,7.120237542155779e-07,8.252530949034244e-07,1.633530258194047e-05,0.999916021874657,1.5087786930659582e-06,1.0790065563649285e-06,5.514733671352106e-07,4.009920579454079e-07,3.3424632203745224e-08,4.3736974426482804e-08,7.626889850083579e-08,3.49269324916643e-07,1.027072075338542e-05,4.9141692803495185e-05,8.169618888415399e-07,1.782119008772468e-07,1.6165306268371667e-07,1.5672562847204344e-07,1.3934069579629526e-07,1.2510272323011644e-07,9.808629282304635e-08,8.311261221282361e-08,7.709956584926024e-08,6.28651375378413e-08,5.422630928853612e-08,4.099312121674373e-08,3.8457024414743e-08,3.620297067521459e-08,3.585017672385622e-08,3.3553293447455604e-08,3.2952384597293415e-08,3.2367180146261446e-08,3.021813670140609e-08,2.89979073752154e-08,2.8766422660169862e-08
1.3628091587074773e-08,1.5569431636396967e-08,3.5935330538676826e-08,4.2843439249290776e-08,1.0490615895891512e-07,2.465038735936537e-07,2.6822447554012494e-07,1.047279308712096e-06,2.066099045262203e-06,0.9999076684832127,6.70787344210848e-05,2.962021264612503e-06,1.4490202961163677e-06,2.3846311811940125e-08,3.016198218332569e-08,4.822191777349517e-08,1.5654048795843304e-07,9.145841567158336e-07,4.396403509267539e-06,9.013050806949597e-06,3.5380074558371656e-07,3.080239040984447e-07,2.9494724760597536e-07,2.5066202757700884e-07,2.1658668339022183e-07,1.5686992412467855e-07,1.2683841833461165e-07,1.1538258702938585e-07,8.956027907143457e-08,7.483576339990809e-08,5.361775856588929e-08,4.97673678348635e-08,4.6398032832358287e-08,4.587507703167378e-08,4.250065722047673e-08,4.16271243330226e-08,4.0779357905807566e-08,3.769641299985115e-08,3.5965568750262894e-08,3.5639117022055395e-08
1.2876986520098956e-08,1.4675422885491947e-08,3.318536304753328e-08,3.933744184967003e-08,9.301427756896406e-08,2.0631587308812403e-07,2.2287359215458215e-07,7.474156082940963e-07,1.2705503437148915e-06,6.951446559826524e-05,0.9998570319018014,5.383661786696754e-06,2.2151052066124262e-06,2.227368759172088e-08,2.7998792489469898e-08,4.408843144601583e-08,1.355364105402353e-07,6.669736561533404e-07,2.1732837747296285e-06,5.73917220745766e-05,4.2322059794257027e-07,3.640034757289142e-07,3.472782950209576e-07,2.9128053677410175e-07,2.4894171667000013e-07,1.7629586400712642e-07,1.407220430822453e-07,1.273384281292191e-07,9.755170022801422e-08,8.084039614017742e-08,5.712566788346758e-08,5.2881540089434876e-08,4.918199157138124e-08,4.860895883090155e-08,4.4919549373499495e-08,4.396696753607994e-08,4.3043228610111284e-08,3.9692053902848385e-08,3.7815765086334945e-08,3.746237660148385e-08
1.1194364402899051e-08,1.2685791893097137e-08,2.7381117918486532e-08,3.2045361248061254e-08,7.030986967252763e-08,1.3931759706711502e-07,1.4847530753706544e-07,3.8774881994690667e-07,5.605322684585171e-07,2.9970792368280104e-06,5.926607047167249e-06,0.9999488899877955,2.023477395948175e-05,1.8856124141261385e-08,2.3372249086085612e-08,3.558455432790643e-08,9.766050712701177e-08,3.565975003271328e-07,7.685287666546799e-07,1.5131628452908353e-05,7.404515242120441e-07,6.101598304162705e-07,5.747149793378715e-07,4.604187909171404e-07,3.7890163810721446e-07,2.4867004084562486e-07,1.903330526696114e-07,1.6933731868152725e-07,1.2446030959477076e-07,1.0053584459420874e-07,6.814111740172406e-08,6.258101122659461e-08,5.778920492434653e-08,5.705147975730815e-08,5.233212768840011e-08,5.112289848126418e-08,4.9953111898418436e-08,4.573862668722826e-08,4.339760480383111e-08,4.295849141706577e-08
1.0326352809456214e-08,1.1666286649934326e-08,2.456416674206335e-08,2.8558264914371453e-08,6.032807553745198e-08,1.1345573074954931e-07,1.2018636777915903e-07,2.825760241445801e-07,3.8586201449364767e-07,1.3932567546712288e-06,2.1988910180055147e-06,2.311772339512576e-05,0.999961756969021,1.714736205977196e-08,2.109645188634307e-08,3.1561772486493785e-08,8.190778822991879e-08,2.628973434224867e-07,4.991897813298396e-07,4.01366985602057e-06,1.1080375716557876e-06,8.845382800558061e-07,8.250041386527769e-07,6.376747008093338e-07,5.095361461423457e-07,3.150312912769352e-07,2.3353478202298327e-07,2.051691028589577e-07,1.462775718502162e-07,1.160150441723665e-07,7.636556901758469e-08,6.975583729240099e-08,6.410266454625285e-08,6.323589475469705e-08,5.7714696254004965e-08,5.630714076283811e-08,5.494771353512389e-08,5.007253186118764e-08,4.7378878574263064e-08,4.6874980202770736e-08
6.235564522997869e-07,1.4053038581955195e-06,1.4359992461335876e-06,7.477168607504671e-07,1.3425628615959052e-07,8.21698457881262e-08,7.951344237862196e-08,5.362378994325567e-08,4.918078600513695e-08,3.851430343584962e-08,3.670406116169924e-08,3.2621195719932084e-08,3.0498955330585785e-08,0.9999895329901912,4.600099110886758e-06,5.452712625190004e-07,1.0239468560562085e-07,5.486541579884599e-08,4.6285001006154936e-08,3.506553629886858e-08,2.484224518245737e-08,2.4085769935116026e-08,2.3844595193858706e-08,2.2928107554601684e-08,2.2085631009573353e-08,2.021425396276902e-08,1.894677270641301e-08,1.837604997075585e-08,1.6854051710309752e-08,1.5774787681703593e-08,1.381908169081763e-08,1.338220815448911e-08,1.297474326680754e-08,1.2909291248152162e-08,1.2470798297158289e-08,1.2352137031633734e-08,1.223527984062513e-08,1.1792086293423881e-08,1.1530835274835503e-08,1.148031377577983e-08
2.838283417360434e-07,4.6146587022869764e-07,1.0082295137885734e-05,2.2659541495391056e-06,1.8456804114543599e-07,1.0460785147187612e-07,1.0076470128195725e-07,6.455414686436863e-08,5.8642222828120754e-08,4.477885489974632e-08,4.248015573046568e-08,3.735385310772821e-08,3.4722100608995484e-08,5.852980512758396e-06,0.9999783945331595,1.3255862944751301e-06,1.3470681322846318e-07,6.62213917038083e-08,5.483325454046952e-08,4.041354316681213e-08,2.781333768993276e-08,2.6904349706743952e-08,2.6615257126994763e-08,2.5519686019570953e-08,2.4516950373366867e-08,2.230335672840316e-08,2.0816251593403268e-08,2.0149943287778408e-08,1.838265020761335e-08,1.7138540191391615e-08,1.4903193892910237e-08,1.4407739627202864e-08,1.3946846913516212e-08,1.3872918429387568e-08,1.3378429307111578e-08,1.3244865849408081e-08,1.311341788666003e-08,1.2615806381569089e-08,1.2323115346070925e-08,1.2266576488584908e-08
1.1438602943048663e-07,1.5461697941960455e-07,3.645888412548681e-06,3.56539673371814e-05,3.6880038856432643e-07,1.756082592722614e-07,1.673487748572689e-07,9.492123785038482e-08,8.43732853763392e-08,6.085829111668829e-08,5.7154018812928644e-08,4.9090029714859204e-08,4.50579955895877e-08,4.857553631922065e-07,1.2487748988481733e-06,0.9999566841224711,2.443341920799167e-07,9.7954510045369e-08,7.77446019401982e-08,5.387190820123607e-08,3.480959101068292e-08,3.350739721359394e-08,3.3095349586633415e-08,3.154266292765862e-08,3.0134291157378484e-08,2.7064695335788176e-08,2.5036974333128297e-08,2.4137637357592784e-08,2.1778490677167056e-08,2.014217167071411e-08,1.725185715191581e-08,1.6621326712840143e-08,1.6037844060619912e-08,1.5944519367574047e-08,1.5322273262587656e-08,1.5154832101761263e-08,1.499025344648986e-08,1.436949799247271e-08,1.4005943952689888e-08,1.3935871504577393e-08
3.852766045491756e-08,4.681194003854369e-08,2.0234402503124603e-07,3.093955001217037e-07,7.431713927528656e-06,4.843797894724694e-06,3.6663450438768307e-06,4.2963152383947327e-07,3.2937013614529496e-07,1.7003235054280555e-07,1.5172526354551486e-07,1.1652060955916676e-07,1.0106090484722629e-07,9.168969638509915e-08,1.4076102706257312e-07,4.34421591249261e-07,0.999979901631199,4.6290795793024415e-07,2.7661086780503214e-07,1.3669421147912537e-07,6.711689365791306e-08,6.339864221992211e-08,6.224547157312548e-08,5.799486112224941e-08,5.4269984158874314e-08,4.653551441778448e-08,4.1732294135334584e-08,3.967751984437322e-08,3.4490934436783934e-08,3.1070023066039655e-08,2.5357011936039762e-08,2.417256082527689e-08,2.3094259407429093e-08,2.292331429904025e-08,2.1794625214542342e-08,2.1494382463131582e-08,2.120042334644367e-08,2.0103905024457546e-08,1.9470002291348634e-08,1.9348626753908398e-08
2.0321225142937537e-08,2.3674930704868922e-08,6.488926050403262e-08,8.152927301963257e-08,2.8193198841756606e-07,1.4804472957735954e-06,1.8688495709800241e-06,0.0005770700849190508,9.487822565992299e-06,8.271110165858024e-07,6.394454774322625e-07,3.7378664265295224e-07,2.871244087408506e-07,3.905079311375411e-08,5.204908246687548e-08,9.554355106998377e-08,5.570627757685906e-07,0.9994008568048539,4.12109982612833e-06,5.132479061368466e-07,1.4329502596373095e-07,1.3134860898421528e-07,1.2775679810746125e-07,1.1494621867791296e-07,1.0427744491578963e-07,8.35889407503372e-08,7.180237242876267e-08,6.69984099959353e-08,5.5456007226792446e-08,4.831499321223172e-08,3.716399382838498e-08,3.498907636664684e-08,3.304572816003216e-08,3.2740714076171076e-08,3.0748792209022915e-08,3.0225759283569433e-08,2.9715820800118557e-08,2.7836827352621723e-08,2.6765819828524425e-08,2.6562237324203355e-08
1.6754377192682413e-08,1.9322956340000874e-08,4.8339769202111945e-08,5.8996948567655076e-08,1.670299334112161e-07,5.140907685457841e-07,5.809424524658522e-07,5.514465691924099e-06,5.164783759028688e-05,2.3111048871235125e-06,1.5536664027525216e-06,7.152833685210692e-07,4.993319240261923e-07,3.066038575176407e-08,3.9740826878880436e-08,6.758095176739931e-08,2.7737851497568393e-07,4.1447455769148765e-06,0.9999290396325689,1.1231338541846001e-06,2.043108585817173e-07,1.84038513284269e-07,1.7804714011096212e-07,1.5705484619185023e-07,1.4004758642969176e-07,1.0822855561396729e-07,9.090048831579218e-08,8.400847811046674e-08,6.784512796338615e-08,5.81540023001755e-08,4.348722360672666e-08,4.0707119199475144e-08,3.824411176484688e-08,3.785928000153333e-08,3.535845854483153e-08,3.470562127320537e-08,3.4070306580180344e-08,3.1741997958352025e-08,3.0423109106478784e-08,3.0173209128942454e-08
1.2196889970405939e-08,1.386910172413921e-08,3.078243969542909e-08,3.6300968758759976e-08,8.324082371144648e-08,1.7600232098885814e-07,1.890230935761772e-07,5.673900128897247e-07,8.917313059764953e-07,9.5083394151575e-06,6.011838908845221e-05,1.2040019200991762e-05,3.811848490170151e-06,2.0875263514450977e-08,2.609351541527264e-08,4.053217822348544e-08,1.1888015002121614e-07,5.133800826501392e-07,1.352682557905712e-06,0.9999072772350925,5.146995646627687e-07,4.3642204177410143e-07,4.145997581252983e-07,3.424768768964266e-07,2.8901319453204666e-07,1.9948578685212267e-07,1.5695812753539249e-07,1.412000527458683e-07,1.0661991760014636e-07,8.756291180415046e-08,6.096463329963786e-08,5.627484249266663e-08,5.2203586926131513e-08,5.1574354751328e-08,4.7532531885482974e-08,4.649185454794846e-08,4.5483565460880046e-08,4.183484277386453e-08,3.979780473546862e-08,3.941471731125558e-08
8.122471243599416e-09,9.102666983610469e-09,1.79865883769771e-08,2.0569309931680304e-08,3.968788400891844e-08,6.678534285938642e-08,6.989951949645972e-08,1.3503633249140633e-07,1.683780807925348e-07,3.8247064726721965e-07,4.85769386442243e-07,1.0975496941306196e-06,2.5322133622665105e-06,1.29951708121312e-08,1.5687202354134117e-08,2.246949555211989e-08,5.126212202197037e-08,1.2812708691964176e-07,2.0065406583478034e-07,6.374054920501967e-07,0.9998581323790233,8.133385573498437e-05,4.021948811873074e-05,6.960281181900185e-06,3.627399056729344e-06,1.1086993739590181e-06,6.32958489504035e-07,5.077119611808871e-07,2.9725626378718155e-07,2.1233108342557374e-07,1.2013568174181837e-07,1.0694500320580358e-07,9.607351153246789e-08,9.44390756181891e-08,8.423620217583423e-08,8.169610032718934e-08,7.926151845270639e-08,7.071239282089623e-08,6.61015325724068e-08,6.524941756127228e-08
7.815056339495246e-09,8.74739908913023e-09,1.711989728646249e-08,1.9530202521267026e-08,3.717432454157094e-08,6.158333988515274e-08,6.434934183242878e-08,1.2099061415376425e-07,1.4908255589010742e-07,3.2020367477774386e-07,3.9778745588956554e-07,8.055357531086259e-07,1.526985047826809e-06,1.243293435110078e-08,1.496573491692726e-08,2.1297681159654766e-08,4.767526077352258e-08,1.1510055618272758e-07,1.758234195362348e-07,5.066610129957412e-07,8.253834414714451e-05,0.9989325745730747,0.0009493415391077012,2.0417827419480606e-05,6.320631624872877e-06,1.475142353637973e-06,7.808760276875561e-07,6.118508908505667e-07,3.414484957350168e-07,2.3826511303177092e-07,1.3054859273250106e-07,1.1561986920103236e-07,1.03403250811779e-07,1.0157340624888983e-07,9.019452056006589e-08,8.73743971229775e-08,8.467514541016113e-08,7.523403469505946e-08,7.01649743908701e-08,6.923031513143717e-08
7.71715583506151e-09,8.634410016620748e-09,1.6847053798450485e-08,1.9203919985904967e-08,3.639578543690823e-08,5.999885128811731e-08,6.266182335863488e-08,1.1683911363950955e-07,1.434502256569323e-07,3.030810069386953e-07,3.741905501360131e-07,7.373469060160252e-07,1.3368200259935709e-06,1.2254965454966096e-08,1.4738056941119485e-08,2.093039232697377e-08,4.657267562232788e-08,1.1123972636038586e-07,1.6865431926813094e-07,4.728113078036222e-07,4.091833612757162e-05,0.0009504693702064463,0.9989539699272049,3.7977378092284416e-05,7.903696896915006e-06,1.6375825175858794e-06,8.418983627020172e-07,6.538538071810592e-07,3.58407213241534e-07,2.47976807929184e-07,1.343113760426888e-07,1.187373153186481e-07,1.0602486022548366e-07,1.0412323852291297e-07,9.231399213967057e-08,8.9391848393619e-08,8.659627598510083e-08,7.683180719032567e-08,7.159732646086545e-08,7.063292667027139e-08
7.346432906380887e-09,8.20720563102219e-09,1.582748423651898e-08,1.7988233480778598e-08,3.35395516264985e-08,5.4291709962795985e-08,5.6595264948432846e-08,1.0235799545368382e-07,1.2405476853802102e-07,2.4737429489275556e-07,2.990549609904425e-07,5.406767391295955e-07,8.688180313105418e-07,1.1585739635404849e-08,1.3884894572069379e-08,1.956472947224531e-08,4.256114498110926e-08,9.773382556621803e-08,1.4423626158745688e-07,3.6801584275364485e-07,7.1240486575375005e-06,2.122898870771056e-05,4.0165290333369324e-05,0.9998759155070694,4.6049637819853884e-05,2.6170541832855473e-06,1.1705678457950236e-06,8.722953077995738e-07,4.4021020209544414e-07,2.9318732436038766e-07,1.5099003078452674e-07,1.3245640790698758e-07,1.1749011080802585e-07,1.1526387498200145e-07,1.0151689215987154e-07,9.813803681680247e-08,9.491213518740483e-08,8.370943185594761e-08,7.774316184804593e-08,7.664759478748324e-08
7.006306396720729e-09,7.816196158756333e-09,1.4911186132201352e-08,1.6900644324153622e-08,3.104464806034001e-08,4.9443208172058856e-08,5.1456189886809255e-08,9.063330193468816e-08,1.086458904426319e-07,2.0658882214331802e-07,2.456528271413639e-07,4.1683523317633737e-07,6.231812488811996e-07,1.0978406091596339e-08,1.3114826676643579e-08,1.8346830292083514e-08,3.9100990270657074e-08,8.675189376825117e-08,1.251460153205763e-07,2.9623594084881743e-07,3.585378766178089e-06,6.46298527702321e-06,8.173819828270686e-06,4.889892427929332e-05,0.999920459293346,4.93173398090066e-06,1.7387767850163244e-06,1.2214958964703746e-06,5.530466916951525e-07,3.516672090386269e-07,1.7079225827956737e-07,1.4854845116612485e-07,1.307973078061383e-07,1.2817328836764851e-07,1.1206976123698709e-07,1.0814038913111388e-07,1.0439764524654678e-07,9.148088971807278e-08,8.465048846494266e-08,8.340079062652015e-08
6.26805008046395e-09,6.970632033472133e-09,1.2984392310197195e-08,1.4629377931329278e-08,2.601668690741804e-08,4.0052287552675825e-08,4.1542703345023636e-08,6.938915716211358e-08,8.142938379310916e-08,1.4170817133282222e-07,1.6366200049951688e-07,2.500801935547234e-07,3.3817869075550345e-07,9.682146408028394e-09,1.1484827568847863e-08,1.581553104746518e-08,3.2254024377834173e-08,6.673829709694475e-08,9.213908347834012e-08,1.9065830576541384e-07,1.13140630237933e-06,1.572607777948132e-06,1.7794668220801098e-06,3.1763091212833337e-06,7.915228724189192e-06,0.9999651507248031,9.939366136179256e-06,4.436107973191915e-06,1.1421791643057084e-06,6.056133464217028e-07,2.4028088475103607e-07,2.0352221803445382e-07,1.752331686557044e-07,1.7112997073071642e-07,1.4641075646709745e-07,1.4050844105684424e-07,1.349244462972712e-07,1.1600427108678287e-07,1.0620680228751329e-07,1.0443278870120522e-07
5.769765617626004e-09,6.402292893503631e-09,1.172906077538271e-08,1.3160907370441187e-08,2.2890164483899736e-08,3.445387438943398e-08,3.5657974986892426e-08,5.757289872602784e-08,6.668416941027639e-08,1.1007561214630515e-07,1.2504959588044883e-07,1.8070509773843436e-07,2.3298875731027972e-07,8.823516102521542e-09,1.041506077960063e-08,1.4187566481988202e-08,2.8079081763947057e-08,5.5539823590453134e-08,7.464075210847946e-08,1.4294583188404713e-07,6.129072650217545e-07,7.750639232722482e-07,8.439295992647886e-07,1.2346546775847177e-06,1.9966011289710186e-06,1.3155503783812235e-05,0.9998944060653975,8.015919270759164e-05,2.564724785166906e-06,1.0439573288022496e-06,3.2599790962659275e-07,2.689160567512541e-07,2.2649239687993546e-07,2.204484284742805e-07,1.8467180105352517e-07,1.7630510688385752e-07,1.6843783472333765e-07,1.4223281337736105e-07,1.289231753100215e-07,1.2653676446607012e-07
5.545965605847874e-09,6.1476784873950446e-09,1.1177142712029814e-08,1.251822767468885e-08,2.1553416519453316e-08,3.2117908751090565e-08,3.320852897186621e-08,5.283092132669773e-08,6.0851371165056e-08,9.825100020162626e-08,1.1086955663210485e-07,1.5672154300574146e-07,1.9851480804531731e-07,8.442240211914643e-09,9.942661726292634e-09,1.347733461481898e-08,2.63143969006679e-08,5.103094788273071e-08,6.780059833143122e-08,1.257775980497475e-07,4.807171057931329e-07,5.904809329478754e-07,6.355025280886174e-07,8.768702336149812e-07,1.2930744139078035e-06,4.880002671448884e-06,8.28547836499019e-05,0.999899226572955,4.35773414436658e-06,1.4525059567645115e-06,3.8484501505922394e-07,3.125337052481561e-07,2.598696505648902e-07,2.524451629179238e-07,2.089307725961803e-07,1.9887310262343084e-07,1.8944898580894086e-07,1.5835724562905601e-07,1.4273587561930487e-07,1.3995003567854542e-07
4.9600048731487555e-09,5.48316857452876e-09,9.77008683968923e-09,1.0888960719520918e-08,1.8260832833437982e-08,2.652602199794059e-08,2.736103856384686e-08,4.197030652225293e-08,4.769936276107193e-08,7.312982933123853e-08,8.127068053074387e-08,1.0939955835873027e-07,1.334355191528154e-07,7.458172614275056e-09,8.731792178590741e-09,1.1683734854014484e-08,2.2025915168567687e-08,4.0666793775146015e-08,5.257154613215906e-08,9.064148014340135e-08,2.7505803302789585e-07,3.2168192094392873e-07,3.397336201396415e-07,4.2801575152211834e-07,5.547137112058465e-07,1.2050149196221867e-06,3.164687499231379e-06,7.1185945526671855e-06,0.9999719206649672,1.0243303148916919e-05,7.079093587612185e-07,5.36404382229099e-07,4.222330648580382e-07,4.068474766370548e-07,3.203514654064294e-07,3.0130929515554397e-07,2.837193916291138e-07,2.2786245064463183e-07,2.0098066082615653e-07,1.9628689367306913e-07
4.549285887787288e-09,5.0190926540333475e-09,8.813387104660955e-09,9.788268749604666e-09,1.6107568426782297e-08,2.2982971901319767e-08,2.3667152827671013e-08,3.541170928287928e-08,3.988987219853376e-08,5.913476182311981e-08,6.508645031741245e-08,8.500310983880571e-08,1.0134666920140983e-07,6.779587573810167e-09,7.9033690898866e-09,1.0477342839472955e-08,1.9263124897066507e-08,3.4383414265928856e-08,4.3651220937678465e-08,7.182422789819162e-08,1.9029239647565096e-07,2.1697350779999592e-07,2.2701879064454216e-07,2.741312531445557e-07,3.364045040080636e-07,5.954928896332307e-07,1.0717504451935699e-06,1.577716832293211e-06,1.2929706678745843e-05,0.9999761100780912,1.3230392090189984e-06,9.240984467230481e-07,6.821479115379481e-07,6.51128852140942e-07,4.842935457395888e-07,4.4944373125415183e-07,4.1774077443052205e-07,3.2106524701895423e-07,2.7663529943611065e-07,2.6904862304744223e-07
3.831968368138434e-09,4.2124313782316786e-09,7.2062365125541676e-09,7.953998795068583e-09,1.2662816585590611e-08,1.7524873636029055e-08,1.7996566784474607e-08,2.5846932445061946e-08,2.8708756723094535e-08,4.041978144601086e-08,4.385643391325962e-08,5.4835933063882514e-08,6.334947199470299e-08,5.619187719581842e-09,6.500834571067261e-09,8.477914292922311e-09,1.4922828979456456e-08,2.5180363913915388e-08,3.1067198158208384e-08,4.7652779595328546e-08,1.0509054754937582e-07,1.1619699779795871e-07,1.202500053864646e-07,1.384609695262351e-07,1.6070746065716888e-07,2.3966837930619444e-07,3.4803754313527213e-07,4.307247939120257e-07,9.411585602710924e-07,2.8281080168033705e-06,0.999937573013485,3.618063084059908e-05,6.239362860200701e-06,5.367081189411913e-06,2.4310191940352023e-06,2.048616255934313e-06,1.7363326776012526e-06,1.0183925484917504e-06,7.727754025178289e-07,7.357933222545821e-07
3.6692191392762494e-09,4.030012763649411e-09,6.851193713971414e-09,7.551019693341873e-09,1.1926820957098601e-08,1.6388203102801993e-08,1.6818407664472386e-08,2.39255920699523e-08,2.6489515030468065e-08,3.686420413105714e-08,3.9872536403346224e-08,4.938566891283632e-08,5.666917865247961e-08,5.359691368430207e-09,6.1893309870686835e-09,8.040308544503502e-09,1.4006900035836988e-08,2.332645791554567e-08,2.8593182615655464e-08,4.317768910568952e-08,9.15392923810936e-08,1.0057014367371217e-07,1.038430687825771e-07,1.184128870037552e-07,1.3591846432819358e-07,1.9603517510660206e-07,2.740290736186714e-07,3.304760774613811e-07,6.371127973121778e-07,1.3858572489207581e-06,3.773355345167624e-05,0.9999077667314495,2.15752485086221e-05,1.4269975198454341e-05,4.517180833527638e-06,3.6770734484494333e-06,2.9744303288180807e-06,1.5406948830075533e-06,1.1020326950935663e-06,1.039386454045308e-06
3.5183929529939616e-09,3.861207880247436e-09,6.5260199764664235e-09,7.1828232397744524e-09,1.1262581258927306e-08,1.537358472202418e-08,1.5767795068273152e-08,2.223665718220266e-08,2.45482570214468e-08,3.3808596842962906e-08,3.646540228333771e-08,4.4791701179382674e-08,5.1096271765673275e-08,5.1207573808492265e-09,5.903369782725006e-09,7.641123942747814e-09,1.3184662811392117e-08,2.169489799305269e-08,2.6437417352376358e-08,3.937035544904457e-08,8.066831305161857e-08,8.815109867715353e-08,9.084731756444521e-08,1.0275680301766195e-07,1.1686987542015106e-07,1.6406885471548535e-07,2.2268258246454773e-07,2.634831113596283e-07,4.6756443882569655e-07,8.729193208185376e-07,6.400826445292182e-06,2.2909496066129184e-05,0.997693408388489,0.0022421518004615572,1.2010908225701108e-05,8.328124742608442e-06,6.04461068946418e-06,2.598752926034778e-06,1.6996439071127027e-06,1.5808690640793162e-06
3.4942990040093807e-09,3.83426150938091e-09,6.474381293167084e-09,7.1244235195516454e-09,1.1157877105054385e-08,1.5214532074738638e-08,1.5603180483056082e-08,2.1973912016142764e-08,2.424699649206365e-08,3.333858143263434e-08,3.594258558464299e-08,4.409189659620072e-08,5.025174700066833e-08,5.082711290308166e-09,5.8579045220457005e-09,7.577861597253941e-09,1.3055400671027827e-08,2.1440931722607223e-08,2.6103515628828685e-08,3.878765503614164e-08,7.905277100492688e-08,8.631403221374907e-08,8.892805388508569e-08,1.0046074721723066e-07,1.1409848831726766e-07,1.5952418568406995e-07,2.155650002223469e-07,2.5435349180230776e-07,4.461808540408108e-07,8.174774086069369e-07,5.46465377644526e-06,1.4778888099002633e-05,0.0022428909541176976,0.9976954099064441,1.559314090864048e-05,9.835327241534587e-06,6.8641350701473765e-06,2.861850026516335e-06,1.840534281573909e-06,1.707222931409449e-06
3.33350594663487e-09,3.6545875675540592e-09,6.132138371120151e-09,6.737910787165092e-09,1.0469855341597866e-08,1.4175961797732508e-08,1.4528901657978106e-08,2.0273035348457218e-08,2.230208077880685e-08,3.033352176965621e-08,3.2608702967362145e-08,3.966401547964585e-08,4.49373462540547e-08,4.829767970093725e-09,5.5561665673231005e-09,7.1595635595333094e-09,1.2208608489462954e-08,1.9795810026450906e-08,2.3952461077143823e-08,3.508230937678007e-08,6.909318495113551e-08,7.50428240771684e-08,7.717247568864168e-08,8.649698671959136e-08,9.737709669867637e-08,1.327181330832414e-07,1.7457820502085236e-07,2.0257176603375944e-07,3.3223841957256944e-07,5.503712870226892e-07,2.392741383696843e-06,4.622556521706513e-06,1.2489784204109023e-05,1.6514804534644273e-05,0.9993415804572515,0.0005287303390383838,7.813015368035184e-05,6.562629113334288e-06,3.5855499302780516e-06,3.2347959171412955e-06
3.28998577904518e-09,3.606007048593686e-09,6.040259421912531e-09,6.634316802382171e-09,1.028700292084997e-08,1.3901986890943573e-08,1.4245692292162128e-08,1.9828877405051e-08,2.1795802351356673e-08,2.956004713141122e-08,3.175318985461867e-08,3.853791126605197e-08,4.359420260647434e-08,4.7616134086378384e-09,5.475032339374104e-09,7.047574833074838e-09,1.1984369275860448e-08,1.9365885153183284e-08,2.339390574244802e-08,3.413454932270654e-08,6.66348651003261e-08,7.227591536525345e-08,7.429219622406061e-08,8.310342655296043e-08,9.335000953329993e-08,1.2642653626592275e-07,1.6521705452489028e-07,1.909443275258108e-07,3.0834507198510127e-07,4.999091426243539e-07,1.998669484119818e-06,3.7148716651672376e-06,8.54985161591442e-06,1.0124449392943461e-05,0.000531094277083199,0.9988945225920408,0.0005300090470210123,9.253736798613751e-06,4.60386745801955e-06,4.098104708356405e-06
3.247407227318458e-09,3.558492233870997e-09,5.950594169429305e-09,6.533271557909182e-09,1.010911545373391e-08,1.363606963981559e-08,1.397087028522642e-08,1.9399123587107904e-08,2.130642554252358e-08,2.8815004110163813e-08,3.0929902847282254e-08,3.745731784401056e-08,4.230795894579174e-08,4.695024188747197e-09,5.395812818203518e-09,6.9383801521207615e-09,1.1766467261788566e-08,1.894980550115699e-08,2.285441968810133e-08,3.3223425384742176e-08,6.429795693150954e-08,6.965021788853085e-08,7.156056778311528e-08,7.989329037356879e-08,8.955178766653879e-08,1.2054075107860118e-07,1.5653292621202853e-07,1.8021493278751165e-07,2.867512177990389e-07,4.557873983785936e-07,1.6821811179204844e-06,2.9735080077504012e-06,6.165374172047095e-06,7.017463797658642e-06,7.690374615339739e-05,0.0005322332517487637,0.9993472827381483,1.2731360504437873e-05,5.903764256753665e-06,5.189985977172574e-06
3.0865061391012187e-09,3.3791199344937105e-09,5.614469147850838e-09,6.155093801005485e-09,9.448824023421706e-09,1.2656098019162801e-08,1.2958719812278021e-08,1.783066875252432e-08,1.9525690797013146e-08,2.6132291825761305e-08,2.7973723256837506e-08,3.360880428090869e-08,3.7752952577313535e-08,4.444503170721253e-09,5.098379638294376e-09,6.530146776802979e-09,1.096047502846833e-08,1.7430163952009298e-08,2.0895911403649745e-08,2.996149866769349e-08,5.6195207930531514e-08,6.058979471570194e-08,6.215040786096228e-08,6.89125639021232e-08,7.66602662097601e-08,1.0099576420608608e-07,1.2832685385216655e-07,1.458287524259039e-07,2.2094743761384512e-07,3.300073003384947e-07,9.6733873621341e-07,1.497506899172131e-06,2.5749253026012217e-06,2.8482571164934532e-06,6.715425699207137e-06,9.628832740452854e-06,1.3549478273329093e-05,0.9998807641300214,5.003000296135135e-05,2.9861226528979905e-05
2.992766533451448e-09,3.2747349209678186e-09,5.420363331253033e-09,5.937090980149638e-09,9.071635068060167e-09,1.2100728348529492e-08,1.2385516823104796e-08,1.6951207129261076e-08,1.8530471521019544e-08,2.46501126073895e-08,2.6345436277873882e-08,3.1507967060900073e-08,3.528199709449459e-08,4.299256735998008e-09,4.926319974614617e-09,6.2951025605443474e-09,1.0501838649487596e-08,1.657739908603854e-08,1.9804137679008068e-08,2.817062253438018e-08,5.1899809887842634e-08,5.5812063447824924e-08,5.719741691670884e-08,6.317768424134562e-08,6.998510259662629e-08,9.11158606077391e-08,1.1441020370548553e-07,1.2910859099084047e-07,1.9064391311606842e-07,2.761004902627853e-07,7.254138254482911e-07,1.0550946416602827e-06,1.652046770270369e-06,1.7947811136124547e-06,3.566864489933662e-06,4.622960587205278e-06,5.991246397989527e-06,5.085018160447763e-05,0.9975263899121952,0.0024019561942327586
2.9746312692709277e-09,3.2545523847609955e-09,5.382988227291006e-09,5.895153872743024e-09,8.99942670013784e-09,1.1994855315856201e-08,1.2276284697296264e-08,1.6784496067152953e-08,1.8342142159664598e-08,2.4371311218106044e-08,2.6039634493569956e-08,3.11152312764524e-08,3.482152761601419e-08,4.2712304831366565e-09,4.893159466287627e-09,6.249915845628762e-09,1.0414218207596598e-08,1.6415681718469026e-08,1.9597812431734716e-08,2.7834846210365627e-08,5.1108724434287566e-08,5.493445546818296e-08,5.628845379602535e-08,6.212931027496008e-08,6.877001910923509e-08,8.933847558587631e-08,1.1193618086291137e-07,1.2615688240556346e-07,1.8542949814011655e-07,2.671077537611652e-07,6.89086166111942e-07,9.92346015285292e-07,1.5316577174525467e-06,1.6591789501675355e-06,3.2035757027541993e-06,4.093259130272388e-06,5.2349672168179055e-06,2.995149108233953e-05,0.0024023629289628722,0.9975489155496812
