0.9999801912694127,1.764958402074763e-05,2.3173833330552706e-07,1.8160543519245119e-07,7.472880169946611e-08,5.293875286157883e-08,5.169255942522323e-08,3.599867747433489e-08,2.8567955054606166e-08,2.720388881566923e-08,5.387249287401567e-07,3.120454804399497e-07,1.5817360063228672e-07,6.200750856103665e-08,3.918999324526269e-08,3.4336822319038375e-08,2.8933076331696954e-08,2.2284162541845492e-08,1.9487790650288215e-08,1.9025097794910677e-08,1.8876494574436074e-08,1.8730189874470307e-08,1.6676240378171806e-08,1.3146796782665022e-08,1.2633480062326766e-08,1.257267520884689e-08,1.2108849667187609e-08,1.1734163424545028e-08,1.128643256888797e-08,1.0919733882924847e-08,1.0875885095161841e-08,1.0704804173789867e-08,1.0539303954171246e-08,1.0301389363121917e-08,1.026292485969384e-08,9.930893387946326e-09,9.825680641712022e-09,9.689201678375594e-09,9.622479055371919e-09,9.524533967033785e-09
1.7963428844341895e-05,0.9999792320873929,3.063077109969872e-07,2.3133438083593708e-07,8.563088991116253e-08,5.9099520246717363e-08,5.761403103844633e-08,3.9215287010986705e-08,3.074295466345814e-08,2.9205906548894277e-08,8.375443787435746e-07,4.3371049630448615e-07,1.977204064265911e-07,7.002229085005275e-08,4.290045898162097e-08,3.7307612121633e-08,3.115535204493761e-08,2.3705547262292654e-08,2.061746999675012e-08,2.010925517862896e-08,1.99461948338412e-08,1.978572699745457e-08,1.7540690356878028e-08,1.3717654952476267e-08,1.3166319226841984e-08,1.3101084167211237e-08,1.260396169840246e-08,1.2203034053871035e-08,1.1724686309325643e-08,1.133354940635538e-08,1.1286818171315324e-08,1.1104574552077431e-08,1.0928392290260874e-08,1.067532846138493e-08,1.0634438180247677e-08,1.0281737478318901e-08,1.0170078384451764e-08,1.0025310452804137e-08,9.954565184284357e-09,9.85075323266784e-09
2.072616116291113e-07,3.030433056973122e-07,0.9999672958758349,1.1609535722029086e-05,2.628480188191153e-07,1.3892154874500937e-07,1.3330495616950205e-07,7.332352171951746e-08,5.1795795341889e-08,4.8259383322565236e-08,1.5819279576365282e-06,1.3343643311267749e-05,4.135367507529177e-06,1.8464451621120744e-07,8.374380857142189e-08,6.820000311855487e-08,5.276304196061045e-08,3.6367354592780395e-08,3.0309159779499154e-08,2.9352697516067483e-08,2.9048128303062444e-08,2.8749393782001243e-08,2.4675911363837676e-08,1.818266353568148e-08,1.730267779989283e-08,1.7199383711355706e-08,1.6417739515853158e-08,1.5794517901435026e-08,1.505893076649373e-08,1.4464226554210475e-08,1.4393594046518799e-08,1.4119013120688918e-08,1.3854775065791178e-08,1.347736793546874e-08,1.3416626679160048e-08,1.2895468831407242e-08,1.2731526435796556e-08,1.2519708734867412e-08,1.241649572827916e-08,1.22654241250639e-08
1.5028841046512507e-07,2.0762145953778162e-07,1.3418790300083479e-05,0.9999371950302759,3.428414814812038e-07,1.690754291404291e-07,1.6156824433600078e-07,8.404448485467533e-08,5.787320354742307e-08,5.367334215690444e-08,7.548878487046211e-07,2.477414923097989e-06,4.400888268115789e-05,2.3173329534596898e-07,9.70284317073855e-08,7.773778888467198e-08,5.902693658500113e-08,3.9744371767028837e-08,3.2803761496256103e-08,3.17180688825497e-08,3.137291687732025e-08,3.10346163552454e-08,2.644684333562421e-08,1.9235168520941737e-08,1.8270858467471633e-08,1.81578532798451e-08,1.7303954745259218e-08,1.6624717374935922e-08,1.5824777271612218e-08,1.5179539620034923e-08,1.5102998212608204e-08,1.480563974606969e-08,1.4519746426766589e-08,1.4111876730271584e-08,1.4046285565520906e-08,1.3484118985957195e-08,1.3307504829884512e-08,1.3079474618440637e-08,1.296842617720058e-08,1.2805969484922934e-08
5.503431445383144e-08,6.83275087813345e-08,4.17373085303613e-07,8.08578843447271e-07,0.9999866775690243,1.269528070430721e-06,1.0979004486176073e-06,2.2953535081601187e-07,1.2178112758132102e-07,1.0832064374413352e-07,1.4859595881896534e-07,2.5352177097023164e-07,1.586030610934443e-06,5.878989309040949e-06,3.012569082882161e-07,1.9973723958329797e-07,1.2563997450458064e-07,6.914470828940898e-08,5.2982833789923744e-08,5.06311521654098e-08,4.989284213148677e-08,4.91731269088272e-08,3.9804336351195065e-08,2.649574092391069e-08,2.487203674117075e-08,2.4683814691522044e-08,2.327485175023755e-08,2.2171020902896335e-08,2.0889363910348292e-08,1.9870729764048884e-08,1.9750820294447295e-08,1.928687864793293e-08,1.884342464406966e-08,1.821530672679883e-08,1.8114803531334203e-08,1.7259150663009677e-08,1.699248125995783e-08,1.664967014589837e-08,1.6483323837945686e-08,1.6240739239772696e-08
3.3486401179954186e-08,3.997048887175523e-08,1.390646633535834e-07,1.9126839053244547e-07,1.3345134521072058e-06,0.9995385941565869,0.00044849301119925686,5.866014193164174e-07,2.2606342035931116e-07,1.9246848550432737e-07,7.248325932779022e-08,1.0387680391530733e-07,2.424213247428771e-07,7.2651036779444026e-06,9.190674686890365e-07,4.7224174098629105e-07,2.361008810652376e-07,1.0571715931253573e-07,7.574755839122215e-08,7.165496957729142e-08,7.038336528422831e-08,6.914922277113397e-08,5.360176702280794e-08,3.31868166977243e-08,3.087315303914672e-08,3.060708327102052e-08,2.862879159499387e-08,2.709582568949151e-08,2.5333709099904962e-08,2.394795902676994e-08,2.3785734546374463e-08,2.315991297209305e-08,2.2564184037959608e-08,2.172467023842788e-08,2.1590821933047142e-08,2.0456664361443823e-08,2.0105206974130208e-08,1.9654776855465436e-08,1.943675977376983e-08,1.9119537385803758e-08
3.235471368444661e-08,3.8532209809211756e-08,1.3060698050867453e-07,1.7764001276615717e-07,1.1241263790472418e-06,0.0004492462268719183,0.9995401060013986,6.438085525904304e-07,2.394009406046191e-07,2.0289932930179932e-07,6.920150138262944e-08,9.837186647488056e-08,2.228761122309017e-07,4.9962565673603765e-06,1.0286701441012286e-06,5.138234867952896e-07,2.5035252657793235e-07,1.0974824564265172e-07,7.813324400905153e-08,7.384164183788256e-08,7.250948395132922e-08,7.121709849416877e-08,5.498390011611235e-08,3.3819668977551335e-08,3.143696613976102e-08,3.1163144376913587e-08,2.9128417693193005e-08,2.7553209639364916e-08,2.5744101497668747e-08,2.4322690088590044e-08,2.4156369609254546e-08,2.351491142204655e-08,2.290451073902396e-08,2.2044695874663872e-08,2.1907653884297482e-08,2.074689091950146e-08,2.038736345099149e-08,1.992671004344299e-08,1.970379291647296e-08,1.9379502856962263e-08
1.962629362031062e-08,2.2737661647947583e-08,5.847338943004452e-08,7.192323070629464e-08,2.193382881510275e-07,8.069466245403322e-07,9.416011992226064e-07,0.9999134908149755,1.151691473305562e-06,8.032907904776386e-07,3.6545045628568504e-08,4.7727473445119006e-08,8.294627380827564e-08,3.8663279556457027e-07,1.7193712199799823e-05,6.192686276029337e-05,1.277736902801712e-06,2.50812032828882e-07,1.4987109426529927e-07,1.3823572403011004e-07,1.3471260169985171e-07,1.3133018992416432e-07,9.189248644946826e-08,4.861736695870779e-08,4.443361958215918e-08,4.3959918659456924e-08,4.048330228848251e-08,3.7845302845527064e-08,3.4870361738792195e-08,3.25770395362048e-08,3.2311341682015646e-08,3.129193095092902e-08,3.032890583873812e-08,2.8984484345063612e-08,2.877154534682165e-08,2.698271800375835e-08,2.6434124543432467e-08,2.573492674455529e-08,2.5398041522265325e-08,2.490985128674631e-08
1.4076172249593761e-08,1.606557366683267e-08,3.630451172972687e-08,4.2992597319571833e-08,1.0188523949552777e-07,2.2669912726526663e-07,2.450379766284337e-07,1.4597291384407811e-06,0.9992307581772059,3.3172890324962206e-05,2.4399068693602168e-08,3.064335205033445e-08,4.816706879697857e-08,1.485357456069897e-07,7.471352712170735e-07,2.5642698505803546e-06,0.0007276857421524528,6.811240712351698e-07,3.066657300165589e-07,2.730745335389132e-07,2.632463627619883e-07,2.539421895323896e-07,1.5544232473970425e-07,6.833568706169936e-08,6.133619103525256e-08,6.055579203251207e-08,5.48997216486137e-08,5.069410390290623e-08,4.603723442341737e-08,4.251532356071021e-08,4.211133223991769e-08,4.05693745603846e-08,3.9123128955919595e-08,3.7121930490778054e-08,3.680693390043583e-08,3.418204098300281e-08,3.338485838663917e-08,3.237404953427962e-08,3.1889082678903917e-08,3.118896605476294e-08
1.3098881949821809e-08,1.490676074847171e-08,3.288236850228784e-08,3.868300090061432e-08,8.799496839714802e-08,1.836197121582668e-07,1.969240516662047e-07,8.963493800505111e-07,3.48211472436693e-05,0.9999394704644375,2.2395703648483162e-08,2.792361868717232e-08,4.312876829729143e-08,1.248754247910389e-07,5.237968740169375e-07,1.3556883764682735e-06,1.8900960297412788e-05,9.305657143718452e-07,3.7763002361672993e-07,3.3238024700643683e-07,3.1927705183542566e-07,3.0692301014484503e-07,1.7988646646598048e-07,7.46703454118811e-08,6.668425467500933e-08,6.579760548999792e-08,5.939312658039281e-08,5.465702343987761e-08,4.943833361023919e-08,4.551185091967116e-08,4.5062659999048586e-08,4.335058770013283e-08,4.174786325877965e-08,3.9535394678305595e-08,3.9187726134530675e-08,3.629683509469922e-08,3.542115548024238e-08,3.431233703542047e-08,3.378094255751758e-08,3.301457674494521e-08
6.804681221081658e-07,1.5068903895569918e-06,1.5955512194503556e-06,8.167174886733612e-07,1.4783652702486916e-07,9.024745410096308e-08,8.733343227604232e-08,5.3804335610686265e-08,4.011388723506372e-08,3.77482042050951e-08,0.9999885049289942,5.210168122683659e-06,5.959339463331452e-07,1.1272943642227344e-07,6.008321919560186e-08,5.063435720672913e-08,4.0754680579232695e-08,2.9545394061405373e-08,2.51578938380046e-08,2.4450763751498046e-08,2.4224749674564724e-08,2.4002706912462357e-08,2.0936665139902023e-08,1.588989577963333e-08,1.5184648852530956e-08,1.510154552318007e-08,1.4470559458514296e-08,1.3964685633421204e-08,1.3364510505204806e-08,1.2876637242255556e-08,1.2818527327776279e-08,1.2592282238022154e-08,1.2374083000927133e-08,1.2061587808942076e-08,1.2011197803976475e-08,1.1577756532848655e-08,1.1440989832801461e-08,1.1263990204781608e-08,1.1177623949990482e-08,1.1051056785622498e-08
3.107212850464814e-07,4.991160106476389e-07,1.1576804729578576e-05,2.5026074217999423e-06,2.036591553325918e-07,1.1494919688985201e-07,1.1072665216771949e-07,6.412095932767831e-08,4.639853107223901e-08,4.342132694469221e-08,6.516137725864108e-06,0.9999758282002417,1.4549423751750706e-06,1.4850328227417912e-07,7.249758823348832e-08,5.995374357945749e-08,4.720937524250759e-08,3.327418831440263e-08,2.7993226920731342e-08,2.715191899590354e-08,2.6883585420920716e-08,2.6620207603719404e-08,2.3009291728216858e-08,1.7173173565187548e-08,1.6371690673281797e-08,1.6277455479065437e-08,1.5563330368060255e-08,1.49926011474691e-08,1.4317483035109096e-08,1.377039629620084e-08,1.3705340054693741e-08,1.3452271384416302e-08,1.3208508257458781e-08,1.2859943077884751e-08,1.2803798550018156e-08,1.232155675819931e-08,1.2169658388800386e-08,1.1973263255368744e-08,1.187750891497597e-08,1.1737281850818999e-08
1.253791896256403e-07,1.686575972281721e-07,4.169727224446027e-06,4.5366634551943114e-05,4.118645396239218e-07,1.9376064744571602e-07,1.846100724644149e-07,9.224483010645683e-08,6.238376724022484e-08,5.766944740547349e-08,5.305649495331133e-07,1.3603447195980282e-06,0.999946277337952,2.714413989220558e-07,1.0731541809990302e-07,8.498673967369802e-08,6.368278586720478e-08,4.2182979128415037e-08,3.458429601654367e-08,3.340315195737657e-08,3.302807682868967e-08,3.266062295577702e-08,2.7695982247497435e-08,1.996551984825565e-08,1.894122430784902e-08,1.8821323018286516e-08,1.7916190026303186e-08,1.7197331161637806e-08,1.6351972878982865e-08,1.5671156680179383e-08,1.5590460379946052e-08,1.5277096581984677e-08,1.4976001189240714e-08,1.4546771643641809e-08,1.4477782328713265e-08,1.3886916112074038e-08,1.3701445020684383e-08,1.3462091712299097e-08,1.3345574202635344e-08,1.3175175326428222e-08
4.2003282326223595e-08,5.096052119916924e-08,2.1780345833546602e-07,3.3142755871200767e-07,7.916930603017025e-06,5.61869451218799e-06,4.204776416837746e-06,3.543719661977072e-07,1.6369666970004097e-07,1.427613050910875e-07,9.932808499082598e-08,1.5177850554903032e-07,4.6430979601763317e-07,0.9999785252336636,5.014465664325891e-07,2.9819749285124526e-07,1.6981243193584908e-07,8.510846751754367e-08,6.318596933208582e-08,6.009071134753173e-08,5.9123775115433906e-08,5.818318678452058e-08,4.6132178141696154e-08,2.9652582862100118e-08,2.7712551289107364e-08,2.7488543671292985e-08,2.581731194226919e-08,2.4515099886419096e-08,2.3010613452202607e-08,2.182113472611749e-08,2.1681496899737144e-08,2.114201292624057e-08,2.062740592072736e-08,1.9900352222501635e-08,1.9784226161442564e-08,1.879788803950696e-08,1.849136173458267e-08,1.8097913243011208e-08,1.790723510930745e-08,1.7629478085738308e-08
2.220941678418697e-08,2.5894184059106948e-08,7.067715994395868e-08,8.865743190403116e-08,3.1228776608578035e-07,1.8058626797670836e-06,2.3783159083153354e-06,1.4979790159790261e-05,6.932585543050187e-07,5.194819512977789e-07,4.267065185390744e-08,5.6748834754658235e-08,1.0386635691580969e-07,6.332969902576609e-07,0.9999711094087497,5.14534857354027e-06,7.524526599108434e-07,1.9703464612004922e-07,1.244008784067287e-07,1.1559403792117142e-07,1.1290796732025716e-07,1.1032147304440098e-07,7.951109792839004e-08,4.3990304488126886e-08,4.039926819043472e-08,3.999098449810496e-08,3.698420206947714e-08,3.468993496618605e-08,3.2089601339088246e-08,3.007442597932653e-08,2.9840311152638644e-08,2.8940775567374573e-08,2.8089297733710682e-08,2.689766011320742e-08,2.6708591165116142e-08,2.5116664297157595e-08,2.4627112983362823e-08,2.400226301262464e-08,2.3700841516315104e-08,2.3263575889228068e-08
1.831444647984226e-08,2.1146301755102688e-08,5.275642261773756e-08,6.428296453271901e-08,1.8347008895537957e-07,5.753455077515419e-07,6.53301658667131e-07,6.395128309509957e-05,1.667129257588806e-06,1.0968719903641306e-06,3.354745993035303e-08,4.341118828297191e-08,7.359023183334523e-08,3.059533611216082e-07,5.31918923592675e-06,0.9999224512314533,1.8813548139153802e-06,2.9332470459004516e-07,1.6863339718390351e-07,1.5476211556347748e-07,1.5058270541793244e-07,1.4657833950442587e-07,1.0055441634939417e-07,5.1671894779677834e-08,4.7082233324861616e-08,4.656392713952899e-08,4.276802661015346e-08,3.989768796791371e-08,3.6670755966108934e-08,3.4191293875347e-08,3.390452069685322e-08,3.280523703858865e-08,3.176804161133357e-08,3.032229093606029e-08,3.009354632644717e-08,2.8174651109053927e-08,2.7587163593522137e-08,2.6839068623314345e-08,2.6478887866607553e-08,2.5957287131147942e-08
1.4340993485085133e-08,1.6380517391334494e-08,3.725791572649299e-08,4.420167186036335e-08,1.0595839312023221e-07,2.402031632530761e-07,2.6024289908121975e-07,1.6951724740995977e-06,0.000726564378422792,1.8777335616854346e-05,2.4949613187948707e-08,3.139633542768415e-08,4.958810965272584e-08,1.5567690671876558e-07,8.29212859201712e-07,3.1952379091325536e-06,0.9992453948555717,6.352835745150734e-07,2.920943509919636e-07,2.6076832429235684e-07,2.515817064569429e-07,2.4287687651042365e-07,1.50121213733487e-07,6.686937035666266e-08,6.009230461422377e-08,5.9335946888491443e-08,5.384973208338556e-08,4.97650737235728e-08,4.523680140578295e-08,4.1807911978989915e-08,4.141433704653364e-08,3.9911632605954535e-08,3.850155472533741e-08,3.654928856703561e-08,3.6241869765597224e-08,3.3678798030152105e-08,3.289990140419998e-08,3.1911954614299826e-08,3.1437826211547125e-08,3.075319305907917e-08
9.899586439464999e-09,1.1153059459013765e-08,2.2708877686907366e-08,2.615870538596076e-08,5.2803404415397474e-08,9.372065600593334e-08,9.867448456499769e-08,2.7659429226961156e-07,1.2830379699145642e-06,2.704608702588447e-06,1.6156718135891156e-08,1.9667353447263674e-08,2.8729076443560972e-08,6.983779150033149e-08,1.9835432044897865e-07,3.465196096809693e-07,1.1111574805663247e-06,0.9999860361779,1.9869064067435257e-06,1.4620267790953246e-06,1.335117520898959e-06,1.2236767475532303e-06,4.420311325880799e-07,1.1853157643653783e-07,1.0262619074041745e-07,1.0090574733580944e-07,8.873366230289379e-08,8.002555242671198e-08,7.071297570038913e-08,6.39176356949679e-08,6.315246564074173e-08,6.025960357579825e-08,5.758180579077153e-08,5.393562401610828e-08,5.3368148273129644e-08,4.8706831127509266e-08,4.7315542570200846e-08,4.556744806606948e-08,4.4735013222619215e-08,4.354123198611742e-08
8.130017578984528e-09,9.101953482471827e-09,1.7643486751158073e-08,2.00675378514995e-08,3.771199743908376e-08,6.146766858791279e-08,6.413043730270043e-08,1.433361595324074e-07,3.6771827604783423e-07,5.062665431687162e-07,1.2891363058521241e-08,1.5464088183439576e-08,2.184266161293568e-08,4.8011382455128704e-08,1.1205243704562773e-07,1.681290083391528e-07,3.421142682138787e-07,3.3831282640165005e-06,0.9998360066526831,8.258937270572368e-05,4.6054399000928106e-05,2.6980794142563835e-05,1.445864807779494e-06,1.8129337577127976e-07,1.520265380663306e-07,1.4894008644284156e-07,1.275216660906536e-07,1.1267903793679561e-07,9.724264554965207e-08,8.63055600747391e-08,8.509264410638748e-08,8.054243663301397e-08,7.63747401038153e-08,7.077326292838323e-08,6.990941019309753e-08,6.289546526095885e-08,6.083114268614817e-08,5.825611903897872e-08,5.703712241049781e-08,5.529816821014641e-08
7.840071886739465e-09,8.767642329783086e-09,1.6852321078568534e-08,1.9126542614175768e-08,3.551841849735277e-08,5.7138679286575525e-08,5.953277342572293e-08,1.2884790787355026e-07,3.1061264259378026e-07,4.1415161730686545e-07,1.2369387230322738e-08,1.4800716882725442e-08,2.0787033138933408e-08,4.494948452362496e-08,1.019225666794037e-07,1.4982536566402204e-07,2.908068792666728e-07,2.0643246960266405e-06,8.332941606856612e-05,0.9987647679154259,0.0009829154336642061,0.00016155542548868164,1.980503951623143e-06,1.9781675288080418e-07,1.6480066801077403e-07,1.613348790116356e-07,1.3736837215572244e-07,1.2085711088301253e-07,1.0377817702221195e-07,9.174808609698127e-08,9.041810910514434e-08,8.543665844100735e-08,8.08836650404212e-08,7.47805060236244e-08,7.384101976009964e-08,6.623102512192036e-08,6.39976738805328e-08,6.121594255093797e-08,5.990068907155113e-08,5.8026475273105136e-08
7.747555609701925e-09,8.661110696363255e-09,1.6602636536473882e-08,1.8830280525047987e-08,3.483660296674441e-08,5.5812984921106475e-08,5.812698726859321e-08,1.2457189471812964e-07,2.9486303549105346e-07,3.8965305478424193e-07,1.2203808869694978e-08,1.4590885197505641e-08,2.0455233932336704e-08,4.40041386119148e-08,9.889399111828936e-08,1.444732149145342e-07,2.7655076423982763e-07,1.810214349111215e-06,4.636048727093169e-05,0.0009836657405487845,0.9980308954281948,0.0009316911019220823,2.224072393152559e-06,2.0378862054972782e-07,1.693939670479826e-07,1.6578909074893458e-07,1.4089039118072412e-07,1.2377140808254903e-07,1.0609634489829349e-07,9.367154940138526e-08,9.229941016428387e-08,8.716282225158091e-08,8.247146865812282e-08,7.618852573394639e-08,7.522200699678277e-08,6.739921239420393e-08,6.510566624671372e-08,6.225040457731366e-08,6.090095461560212e-08,5.897872427817374e-08
7.656928769612533e-09,8.556812653504285e-09,1.635919951422699e-08,1.8541727710072475e-08,3.417606854480132e-08,5.453671322017431e-08,5.677451761931108e-08,1.2051959493760317e-07,2.80343970920615e-07,3.6740396244189057e-07,1.2042016006916596e-08,1.4386102990649147e-08,2.0132298156033885e-08,4.3090887469766285e-08,9.600801093020891e-08,1.3942127072191693e-07,2.6337007301077723e-07,1.6028324182194868e-06,2.714381685163389e-05,0.0001615090370362022,0.0009323572928146485,0.9988715549506799,2.5066187050634413e-06,2.0996907862585373e-07,1.7413862853787441e-07,1.703889808737441e-07,1.445206822224822e-07,1.2677055775317987e-07,1.0847715248600292e-07,9.564378674387174e-08,9.422804492531618e-08,8.893115660957617e-08,8.409692672911726e-08,7.762852650979133e-08,7.663411804320935e-08,6.859213282136859e-08,6.623665500775961e-08,6.330578872231984e-08,6.192118684652098e-08,5.994962830922454e-08
6.431140781193497e-09,7.152271110511315e-09,1.318713908364159e-08,1.4811631381335722e-08,2.5982904653167445e-08,3.940909873851306e-08,4.0818812488184404e-08,7.739178455074005e-08,1.4926266713395166e-07,1.8094915882151333e-07,9.896689924826236e-09,1.169707618734055e-08,1.59806837491587e-08,3.199558170470096e-08,6.415608191303181e-08,8.702107628851748e-08,1.4256545105549146e-07,4.708753107715741e-07,1.6259985971172542e-06,2.4312190994529962e-06,2.8442365133668864e-06,3.365881358211607e-06,0.9999856795705759,3.5890307674621237e-07,2.856204769425925e-07,2.781312512121089e-07,2.2743594069090132e-07,1.9383614643548006e-07,1.6034786182651675e-07,1.3773736519399507e-07,1.3529378099120806e-07,1.2624543809737277e-07,1.1810082183341109e-07,1.0738851888227776e-07,1.0576160050336117e-07,9.280205751280217e-08,8.907591182262813e-08,8.448365225111364e-08,8.233112196361446e-08,7.928750364853625e-08
4.597860776673896e-09,5.074314931001055e-09,8.85265723854931e-09,9.810323296026924e-09,1.6003521355801806e-08,2.267308905227378e-08,2.3334972916316644e-08,3.8855728509658156e-08,6.268397202857803e-08,7.134475499329583e-08,6.839945168741915e-09,7.954291354739559e-09,1.0486262750277222e-08,1.9074249497060635e-08,3.362373697829024e-08,4.2437156545522313e-08,6.073742824804486e-08,1.3204980439386563e-07,2.5280575912817246e-07,2.9716545427785686e-07,3.1467090010230425e-07,3.3372662491542376e-07,1.3214922867028389e-06,0.9999536971603402,1.863654816344275e-05,1.4030225165273602e-05,3.568308289719637e-06,1.8266636364444986e-06,9.765846706511381e-07,6.48308884660789e-07,6.202712014098039e-07,5.263395311429115e-07,4.525931969540389e-07,3.6921934643727587e-07,3.5777529977903125e-07,2.763316267580925e-07,2.5581774094640344e-07,2.32082515696185e-07,2.2150678196434484e-07,2.0716770964753842e-07
4.321302336361143e-09,4.762685788475344e-09,8.229965378099591e-09,9.099371951592976e-09,1.4656118841279564e-08,2.0520392227483202e-08,2.1096559649669587e-08,3.437393662482919e-08,5.393332970618418e-08,6.081003682818898e-08,6.390625262742595e-09,7.411098788590692e-09,9.710874666989488e-09,1.7369408838010742e-08,2.995273715320251e-08,3.737017280638217e-08,5.237123790443519e-08,1.067081363611386e-07,1.8829956089630814e-07,2.155806281726562e-07,2.2600801139515125e-07,2.3716130528194525e-07,6.290290445008453e-07,1.978284141025617e-05,0.997743747395571,0.0022094589676729293,1.333672488236343e-05,4.068307442390962e-06,1.7019214949418776e-06,1.0059547441534988e-06,9.51926254743459e-07,7.774850559594155e-07,6.470451962713618e-07,5.072288223851253e-07,4.887068941486074e-07,3.61577763136898e-07,3.308853119247044e-07,2.9603965001293657e-07,2.8074501198316134e-07,2.602629121544109e-07
4.2888060024863814e-09,4.726113311788012e-09,8.157539471467015e-09,9.016859251373278e-09,1.4501502432039334e-08,2.0275891370292233e-08,2.084256506860756e-08,3.3875208388460854e-08,5.298520767111182e-08,5.967910977021111e-08,6.33811648286978e-09,7.347787231570889e-09,9.621017318734874e-09,1.7174740442444023e-08,2.9541597529627465e-08,3.6808782964653893e-08,5.146285768397208e-08,1.0412049410330934e-07,1.8220566644034688e-07,2.0806829141154353e-07,2.1792333650637216e-07,2.284472104957328e-07,5.879802673691011e-07,1.4549502347375392e-05,0.0022102960943082973,0.9977430676749077,1.749791953967779e-05,4.620861502725486e-06,1.8463431322947386e-06,1.0709922865993645e-06,1.0116965984600284e-06,8.213388244570675e-07,6.800543265224791e-07,5.298454467031559e-07,5.100553546397668e-07,3.749538082978604e-07,3.425423692490103e-07,3.0584728660581067e-07,2.897762404065587e-07,2.6829328105118077e-07
4.043687548920618e-09,4.4505571172104215e-09,7.616241888238934e-09,8.401369507013513e-09,1.3359812514385301e-08,1.8486712005057517e-08,1.8985449813214907e-08,3.028842769138484e-08,4.6312584777480794e-08,5.1778186355812404e-08,5.94400356178624e-09,6.873719970716639e-09,8.951636062236956e-09,1.5743564515397647e-08,2.6568807778634933e-08,3.278583759471746e-08,4.5059123327483964e-08,8.673128320635767e-08,1.4341637848179016e-07,1.6103619852939876e-07,1.6761764600690258e-07,1.7457242282618612e-07,3.76814312825718e-07,3.5761808286060704e-06,1.430746269871043e-05,1.939136828321424e-05,0.9999195993359253,2.7768503265764124e-05,4.115332564775693e-06,1.9264384224417033e-06,1.786101008984328e-06,1.361347165528627e-06,1.0688959417714768e-06,7.824403300877117e-07,7.46718240392364e-07,5.153046954823397e-07,4.6310074640438985e-07,4.055391499444246e-07,3.8085156375564283e-07,3.484046505873732e-07
3.848777274578197e-09,4.231843391994399e-09,7.192120658626827e-09,7.920599025773733e-09,1.2482301735559971e-08,1.7131060971067283e-08,1.7580149384872383e-08,2.7642885378979218e-08,4.154928308566928e-08,4.619963382820861e-08,5.633112015148976e-09,6.501167399147825e-09,8.429875265649699e-09,1.4651148348451424e-08,2.4357949126703158e-08,2.983481831348484e-08,4.0476230856953243e-08,7.514658549963821e-08,1.1953818892214877e-07,1.3275938587692768e-07,1.3763511781176154e-07,1.427533397075664e-07,2.787897947720997e-07,1.7849985750923241e-06,4.181067225494896e-06,4.789343860220313e-06,3.073971374808649e-05,0.9999280838795057,1.265334231880547e-05,3.826434638580062e-06,3.447750057118596e-06,2.402457819275652e-06,1.7546005147994533e-06,1.1839423378062644e-06,1.1175410444686543e-06,7.134207551796745e-07,6.287202534275271e-07,5.381296736170947e-07,5.002030221028052e-07,4.513173804972184e-07
3.6211908553237405e-09,3.976891303067695e-09,6.7036032137319626e-09,7.368414814304003e-09,1.1489469099982907e-08,1.561726531520343e-08,1.601276430079268e-08,2.4758870858067115e-08,3.650239310236229e-08,4.0344599174770806e-08,5.272764906242703e-09,6.07085964735141e-09,7.83179234540239e-09,1.3423046730581974e-08,2.1930155703497687e-08,2.6633239315561255e-08,3.5609859922059086e-08,6.357438920544917e-08,9.715108065183481e-08,1.0672262020748208e-07,1.1020767358807357e-07,1.138423800474784e-07,2.0295415182504532e-07,9.358990309638839e-07,1.7011984218760915e-06,1.8595230003110503e-06,4.383228652453126e-06,1.5605176264984942e-05,0.9999218676904033,1.8636774292395583e-05,1.4271977350084201e-05,6.871859882132508e-06,4.075328004496624e-06,2.2912218306521535e-06,2.117521579576058e-06,1.1730871162632997e-06,9.988614974253368e-07,8.214196803003372e-07,7.499727781746485e-07,6.60768550521136e-07
3.4379690055831738e-09,3.771998093824001e-09,6.315763779467382e-09,6.931292944929835e-09,1.0715398282515683e-08,1.4452569544023444e-08,1.4808261305038647e-08,2.259203600242676e-08,3.2811301368116504e-08,3.6099574148912874e-08,4.984860505290842e-09,5.7282778865250146e-09,7.359274382206798e-09,1.2471723452412736e-08,2.0093110423646035e-08,2.4238891274790373e-08,3.2043594742060765e-08,5.555453407332738e-08,8.248133681480526e-08,8.992092410456528e-08,9.260602392096728e-08,9.539411766643177e-08,1.602911025771184e-07,6.089404417058914e-07,9.72690372628234e-07,1.04063766187558e-06,1.9496369698924798e-06,4.080599616106072e-06,2.0728779767935764e-05,0.9975767827537643,0.0023025740627649932,5.790939883837037e-05,1.541096481134961e-05,5.285519532872999e-06,4.674646032768012e-06,2.044355292606435e-06,1.6607149747066846e-06,1.2957758448338868e-06,1.1560760973965212e-06,9.884524955737268e-07
3.4162123120443925e-09,3.747689881200689e-09,6.270036958134826e-09,6.8798313649014695e-09,1.0624976023987943e-08,1.431743333808323e-08,1.4668590278877768e-08,2.2343616404800078e-08,3.239372127799694e-08,3.5621357915186723e-08,4.950806092310756e-09,5.687829409685217e-09,7.303701945212626e-09,1.2360962211916096e-08,1.988175312555863e-08,2.3965017485022135e-08,3.163973707897965e-08,5.4670589843094395e-08,8.090672618489862e-08,8.813019730844553e-08,9.073477948204926e-08,9.34379614946276e-08,1.560116385443103e-07,5.810553741924119e-07,9.16815986368285e-07,9.788723043959119e-07,1.79562702671473e-06,3.6385539732625573e-06,1.5369299964892075e-05,0.0023041246762456925,0.9975419420361151,9.08380697411151e-05,1.9968170904170393e-05,6.060091682663741e-06,5.308157802135507e-06,2.2158579052634996e-06,1.785979704489388e-06,1.381898862940194e-06,1.228472204488778e-06,1.0455058891083322e-06
3.331600621063827e-09,3.653203517827046e-09,6.092916352035553e-09,6.680659851013769e-09,1.0276524567225811e-08,1.3798606510702495e-08,1.4132528610305202e-08,2.1396064825757788e-08,3.081212413286159e-08,3.381406628873449e-08,4.8186599400822814e-09,5.531030286782808e-09,7.088740252880427e-09,1.1934909829435202e-08,1.90740305838999e-08,2.292165476954485e-08,3.010932788199548e-08,5.1367083410306746e-08,7.509904170038983e-08,8.15480147242951e-08,8.38649711820626e-08,8.626534683825359e-08,1.4071668379526575e-07,4.882297792192164e-07,7.386520499008044e-07,7.832572602766516e-07,1.3386737747332859e-06,2.4546210594056204e-06,7.046889990380926e-06,5.8974516321881756e-05,9.383166439987838e-05,0.9996906732697536,0.00010959786990168461,1.2565749869464026e-05,1.0288234088020209e-05,3.201806140833311e-06,2.4754546855305252e-06,1.8364321817517503e-06,1.604074959143325e-06,1.3353732999324028e-06
3.25056159740118e-09,3.562769730749867e-09,5.924204647533477e-09,6.491159221145007e-09,9.946979049260716e-09,1.3310472372594363e-08,1.3628410439655679e-08,2.0512570060569197e-08,2.9351745125128808e-08,3.215039211211806e-08,4.692473149869816e-09,5.381511219145383e-09,6.88437574288041e-09,1.1532998908452735e-08,1.831892245197837e-08,2.1950475709219228e-08,2.8695202102904423e-08,4.837293707788113e-08,6.993113618776401e-08,7.571891173454434e-08,7.77914792522802e-08,7.993517235616806e-08,1.2768974695685255e-07,4.161270199981322e-07,6.078734225199917e-07,6.409478186951507e-07,1.0332311807138257e-06,1.748284303162455e-06,4.089154003652868e-06,1.5299832243827205e-05,1.9937166436058416e-05,0.00011374644569656844,0.9997585725556497,3.992584162202075e-05,2.827336074070994e-05,4.955971454444914e-06,3.603037808046633e-06,2.526457453847849e-06,2.1585117230516487e-06,1.7492644336050098e-06
3.135311203645869e-09,3.4342715243174867e-09,5.685921071838099e-09,6.2238918394203636e-09,9.485671960839028e-09,1.2631571844596272e-08,1.2927677339113311e-08,1.929743831389691e-08,2.7366807882273717e-08,2.989736974296686e-08,4.5136940392389584e-09,5.17004528047099e-09,6.596424280762877e-09,1.0972174628273015e-08,1.727699868074608e-08,2.061750917119663e-08,2.6771475533952505e-08,4.4392072022795914e-08,6.320620664584948e-08,6.817520252283531e-08,6.994673413399102e-08,7.177509743378193e-08,1.1155039097212194e-07,3.355390787508441e-07,4.70193591629417e-07,4.925358600969937e-07,7.428303512826979e-07,1.1507524087264718e-06,2.2607792718098515e-06,5.2233837471523984e-06,6.004750033768834e-06,1.2641091213939073e-05,4.261115528746001e-05,0.9975708538823777,0.0023251356833439147,1.2784817712142378e-05,7.584824669573692e-06,4.553560848767579e-06,3.687215457540898e-06,2.8150275930695814e-06
3.1167967059404406e-09,3.413641153732142e-09,5.647820544325993e-09,6.181197814604796e-09,9.412356475552554e-09,1.2524147873598906e-08,1.281684112613142e-08,1.910661207140687e-08,2.7057555609777156e-08,2.9547205685644616e-08,4.485047671723136e-09,5.136201436951325e-09,6.550456375898925e-09,1.0883234867902978e-08,1.7113014987988925e-08,2.040847086652229e-08,2.647158994938831e-08,4.378089309640771e-08,6.218836712634719e-08,6.703757306495543e-08,6.876522454153007e-08,7.054769402143018e-08,1.0918487525449199e-07,3.2448670250229865e-07,4.5201067540379664e-07,4.730520907864939e-07,7.068819069890656e-07,1.0820151843247702e-06,2.0815403689543e-06,4.604396324505492e-06,5.239449598543588e-06,1.0261171928917755e-05,2.9355697737232194e-05,0.0023264389546940097,0.9975810853261633,1.603523005377035e-05,8.917877678427455e-06,5.1251044791906105e-06,4.093556918692974e-06,3.0809409790433534e-06
2.95849015583598e-09,3.2373913005701273e-09,5.3241661977955565e-09,5.819000749777966e-09,8.794732155571801e-09,1.1624616702987336e-08,1.1889228504459701e-08,1.7525049052817218e-08,2.4521343313558248e-08,2.668452753675494e-08,4.240990840613079e-09,4.848337486676014e-09,6.16083757460871e-09,1.013620268624712e-08,1.574990886685677e-08,1.8679179880767317e-08,2.4010334594384753e-08,3.886227213819607e-08,5.414238402437048e-08,5.808476966529898e-08,5.948164489150968e-08,6.09189779761933e-08,9.119243947010698e-08,2.4662869815933057e-07,3.288365672926048e-07,3.418544653433612e-07,4.784249330704276e-07,6.743725471684591e-07,1.1286627221563296e-06,2.00125510607317e-06,2.1762874970100984e-06,3.186478186002895e-06,5.021229649229421e-06,1.3627854079464346e-05,1.7564693236916368e-05,0.9996243725630991,0.00026926803552908073,3.131858252217574e-05,1.783293097465832e-05,9.865470691804494e-06
2.908815345060907e-09,3.1821390827390713e-09,5.2233579294203525e-09,5.706356908031497e-09,8.604182973898853e-09,1.1349003228487596e-08,1.1605182457736393e-08,1.7046124429561916e-08,2.3762476977653138e-08,2.5831044759230798e-08,4.164721707901809e-09,4.758546129758172e-09,6.039790239391265e-09,9.906508794023443e-09,1.533574550539117e-08,1.81566334721709e-08,2.3273271538372745e-08,3.7421672861769227e-08,5.183316114968192e-08,5.5528288766144734e-08,5.68354135517403e-08,5.817934008377243e-08,8.624911278316849e-08,2.270028307384375e-07,2.9910480869546826e-07,3.1039533148408455e-07,4.2705570457557005e-07,5.895823148466919e-07,9.523838759029089e-07,1.61043489163774e-06,1.7372608837108408e-06,2.437265789472301e-06,3.5978135492889873e-06,7.758905026044125e-06,9.228641796969042e-06,0.0002716068006869245,0.9995464807944621,9.157624615047621e-05,4.2029667696719935e-05,1.8586782799910106e-05
2.8448124114302077e-09,3.110987813023775e-09,5.0940029388713495e-09,5.561933674872858e-09,8.360948377928429e-09,1.0998513783800148e-08,1.1244088787347444e-08,1.644097783833417e-08,2.280975327804782e-08,2.476157066390234e-08,4.06667588022431e-09,4.6432354100724935e-09,5.884680501990024e-09,9.613851266458397e-09,1.4811473562550514e-08,1.749712427010139e-08,2.234749985690667e-08,3.563334799812826e-08,4.899652021407643e-08,5.239607997752822e-08,5.3596200938401044e-08,5.4828886621626195e-08,8.030933294528508e-08,2.0440873147655023e-07,2.6555501720839116e-07,2.750032332482045e-07,3.708925955655836e-07,4.999421896925803e-07,7.752247636211732e-07,1.2429622570881505e-06,1.3293865780296986e-06,1.7867955702727823e-06,2.489222503802239e-06,4.5565528778613366e-06,5.1562866074888866e-06,3.128944834469879e-05,9.380182434889144e-05,0.9991923954723574,0.0005961835933593259,6.686060505382008e-05
2.8137202232125725e-09,3.0764378293518753e-09,5.031370630438068e-09,5.492052128572426e-09,8.243675057805863e-09,1.0830048514780946e-08,1.107057333910455e-08,1.6151618051785704e-08,2.2356554319895485e-08,2.4253616322411918e-08,4.019132876747953e-09,4.587366985936559e-09,5.809662597039611e-09,9.472962837383385e-09,1.4560414316455062e-08,1.7182063909706667e-08,2.1906961261630335e-08,3.479035856198528e-08,4.767061597361895e-08,5.093507793173726e-08,5.208639175735543e-08,5.326838554287443e-08,7.758161914232398e-08,1.943784772334832e-07,2.5089235478643945e-07,2.595716171721973e-07,3.469428108090298e-07,4.6270212113412814e-07,7.045166379889776e-07,1.1033394033730678e-06,1.1756545153444206e-06,1.5518905229666813e-06,2.113460397748002e-06,3.6619709947222212e-06,4.082552701039529e-06,1.763724090580421e-05,4.2260770670323075e-05,0.0005979514792336494,0.9990850102793986,0.00024072819008172657
2.7682020429979507e-09,3.025877547337089e-09,4.939955844022029e-09,5.39011818817252e-09,8.073162337412273e-09,1.058577788611028e-08,1.0819040626442531e-08,1.5734005362717258e-08,2.170549574598711e-08,2.3524875462672494e-08,3.949648359058068e-09,4.505776558090854e-09,5.700281417287717e-09,9.268391514968433e-09,1.4197599231592652e-08,1.6727735064734232e-08,2.127388621009095e-08,3.358890251483176e-08,4.5794527597139843e-08,4.887148324587685e-08,4.995516597007552e-08,5.1066989668401993e-08,7.37787336086504e-08,1.8080122123069732e-07,2.312964591489888e-07,2.3898697962833587e-07,3.155587387231799e-07,4.1490388429490595e-07,6.166888433384136e-07,9.366920466663274e-07,9.933051345307831e-07,1.2817038242424192e-06,1.697943340048995e-06,2.769753092738665e-06,3.041499585533859e-06,9.687517907585825e-06,1.8407495240378497e-05,6.673230755836884e-05,0.0002418971286764329,0.9996500701872276
