0.9999816162088049,9.78688794880381e-09,9.564047578461668e-09,1.254384975317398e-08,6.6096689905383596e-09,1.1441769463124813e-08,4.39865926619779e-08,1.280067628912861e-07,4.95095540899398e-07,9.331323590760006e-06,3.4451188822113656e-06,2.3698459272717396e-06,1.3394234034612445e-06,2.2114998674879139e-07,1.0921849130268826e-07,9.250663038135384e-08,8.58771016420595e-08,5.0070984792468534e-08,4.683604515967459e-08,4.584750154965047e-08,4.4899314514946115e-08,4.398974839697872e-08,4.146452433413848e-08,3.8510341961294176e-08,3.247585894593436e-08,3.015598223882579e-08,2.9730483301866526e-08,2.8917769973292688e-08,2.7771381806108722e-08,2.4502980309941162e-08,2.39444286420516e-08,2.1205305955622788e-08,1.9242731589210447e-08,1.9068581495308778e-08,1.8089883809695345e-08,1.748970757285405e-08,1.734647778441867e-08,1.7066914694939985e-08,1.666541242556967e-08,1.615976996371767e-08
3.735197722039281e-09,0.9999228764921807,7.547368596907085e-05,5.034134102291529e-07,2.015195316490424e-10,4.0462368002352874e-10,1.1449873303930999e-09,1.7668961058533442e-09,2.369331595352798e-09,3.3474147675281834e-09,4.272057742871774e-09,4.4107282163244185e-09,4.693781114205641e-09,6.364316225222851e-09,8.331148743319792e-09,9.148393472721577e-09,9.580027110416996e-09,1.390867367925348e-08,1.4832065305474605e-08,1.5152738617130596e-08,1.548016557471353e-08,1.5814629987700507e-08,1.686133624962684e-08,1.836684196505258e-08,2.268062856812024e-08,2.5255926538799922e-08,2.5808126900384613e-08,2.695617769381299e-08,2.8779988853035244e-08,3.5907206297017593e-08,3.7578935194181235e-08,4.8842920067822163e-08,6.243610695811246e-08,6.406517996034584e-08,7.51292348345411e-08,8.38743057990328e-08,8.628105696904141e-08,9.13743185298957e-08,9.983594539722736e-08,1.1289706899835907e-07
3.6050294224621534e-09,7.538879064395051e-05,0.9999229323561646,3.942392810253568e-07,1.9018215707657307e-10,3.881891518612311e-10,1.1079725271963275e-09,1.7103305770644544e-09,2.291971582638523e-09,3.2330472017230533e-09,4.119139207509036e-09,4.25176363530543e-09,4.52227312988805e-09,6.114712740891271e-09,7.979868808339675e-09,8.751896515675042e-09,9.159010257108425e-09,1.322354232719668e-08,1.4085498929483538e-08,1.4384467850327785e-08,1.4689537581692734e-08,1.50009584411693e-08,1.5974254475482504e-08,1.7370734613501436e-08,2.135477900179794e-08,2.3719348812042358e-08,2.4225189063366556e-08,2.5275443856723354e-08,2.694058153461767e-08,3.3410322649578625e-08,3.491906237682082e-08,4.501210058402316e-08,5.703729386339992e-08,5.8467018516008186e-08,6.811780424218609e-08,7.567812942188766e-08,7.774804111319176e-08,8.211431460678021e-08,8.932385238738367e-08,1.0034779796844732e-07
5.334159225302646e-09,3.692029448497792e-07,3.122008454276206e-07,0.9999956095558157,3.317343138807126e-10,5.942140532704215e-10,1.5783635260742497e-09,2.438125710893417e-09,3.2980797085782837e-09,4.74280078668159e-09,6.168246935981381e-09,6.3867523173813245e-09,6.8365860695829714e-09,9.572076905863249e-09,1.2988122676268375e-08,1.4474460099532232e-08,1.5274933096863725e-08,2.3757053915667987e-08,2.5701906083898078e-08,2.6388066382262285e-08,2.7094426227567344e-08,2.7822058401921777e-08,3.0138305063462054e-08,3.357549247887841e-08,4.401425246966099e-08,5.0750237017220445e-08,5.2242148861375445e-08,5.5403102270469924e-08,6.056973047273292e-08,8.253971371373023e-08,8.81558032244162e-08,1.30640048199672e-07,1.9400599249080297e-07,2.0271802596121202e-07,2.692263914208434e-07,3.31620538826084e-07,3.5069911786752136e-07,3.939989239044432e-07,4.7646256722074643e-07,6.363181777326326e-07
2.2245517741505865e-08,5.102628581846755e-09,5.030428573159152e-09,5.910162576409378e-09,0.9999981078358444,1.380681292750481e-06,6.042248301197832e-08,3.9937878397270216e-08,3.147519408177877e-08,2.3877491946445793e-08,2.0439073945377256e-08,2.0049691185434274e-08,1.932806639599712e-08,1.6040293733076808e-08,1.389445733867919e-08,1.3305955037009693e-08,1.3036427601646937e-08,1.1074178144288857e-08,1.081629863882891e-08,1.0733756429616438e-08,1.0652828121700234e-08,1.0573501158789542e-08,1.0344214238286588e-08,1.005742212476247e-08,9.402904118724827e-09,9.117355062612514e-09,9.062716813710418e-09,8.9561491825891e-09,8.801154499316856e-09,8.325146273793782e-09,8.237843440462078e-09,7.782170362717869e-09,7.423018005234691e-09,7.389574242691761e-09,7.196605639095772e-09,7.07400197520652e-09,7.04421050681945e-09,6.985479720466608e-09,6.899701403633994e-09,6.789228597529405e-09
2.5732287293038384e-08,5.3298920667567534e-09,5.251829709043283e-09,6.207964888453301e-09,1.717438932127222e-06,0.9999976973467148,8.041566163066774e-08,4.9902064839605097e-08,3.8039335091361845e-08,2.7840383023431508e-08,2.3426490681383536e-08,2.2933902842521578e-08,2.202513681683218e-08,1.7946787881006837e-08,1.5353042203945392e-08,1.465194357829181e-08,1.433225758191182e-08,1.2029615402884209e-08,1.173077367886128e-08,1.1635297224885431e-08,1.1541770751483251e-08,1.145017533844085e-08,1.1185870456282353e-08,1.0856203713137665e-08,1.0107575850211887e-08,9.782740267769052e-09,9.720705042218433e-09,9.599825118795935e-09,9.424270836307623e-09,8.887042320731943e-09,8.788839827372682e-09,8.277876509507497e-09,7.877082211824447e-09,7.839850735067247e-09,7.625321929546098e-09,7.489277080604432e-09,7.456250668416518e-09,7.391177361961447e-09,7.29622059094036e-09,7.174074580572115e-09
6.142072154615289e-08,6.468374380611703e-09,6.3579954895498625e-09,7.745324116161476e-09,7.383242816132736e-08,7.327282902504283e-07,0.99999797660057,3.6023704013378135e-07,1.4989306243376098e-07,7.160134270849173e-08,5.156122759259901e-08,4.962482416842304e-08,4.6193507251172885e-08,3.2679825474013546e-08,2.5640714121969336e-08,2.392095651599798e-08,2.315940483903651e-08,1.803948907163119e-08,1.7425138433427993e-08,1.723103430464434e-08,1.704190170590832e-08,1.6857639820603797e-08,1.6331192609646535e-08,1.5685332348952677e-08,1.4260553005193972e-08,1.3661285194939336e-08,1.354808519097411e-08,1.332867702971453e-08,1.3012617964605513e-08,1.2064346331325847e-08,1.189416169834649e-08,1.1023525839733696e-08,1.0358039829226712e-08,1.0297008042138688e-08,9.947872276705704e-09,9.728646159976916e-09,9.675687896014167e-09,9.57163204645663e-09,9.420494459326793e-09,9.227291981675183e-09
1.2358190433311683e-07,7.28213594707676e-09,7.146678370046204e-09,8.878462440115259e-09,2.4422684141201168e-08,5.7748957349501735e-08,1.3701446804994112e-06,0.9999966863329659,7.683877256308362e-07,1.5679281273340194e-07,9.50033761560288e-08,8.984350828273763e-08,8.103236694108365e-08,4.9950776856592346e-08,3.6382213589117813e-08,3.332549943661286e-08,3.200124169909729e-08,2.351561627561777e-08,2.2555360147290878e-08,2.2254259918757806e-08,2.196193631323198e-08,2.1678161810865473e-08,2.0872831533587925e-08,1.9895919265304926e-08,1.778039349533865e-08,1.6909435296399724e-08,1.6746079035041987e-08,1.643058099453892e-08,1.5978471550490253e-08,1.4639335093411992e-08,1.4401894353444922e-08,1.320033162982377e-08,1.2296896497206835e-08,1.2214735541862362e-08,1.174688654158361e-08,1.1454918283139104e-08,1.1384609718704294e-08,1.1246703727426627e-08,1.104698597083037e-08,1.0792676408825875e-08
2.647874915221331e-07,8.041210014587634e-09,7.880815144505717e-09,9.959814202435157e-09,1.3727609750990573e-08,2.704009339377377e-08,1.772257084787408e-07,2.0642450905623396e-06,0.9999958975345604,3.778600775871135e-07,1.8016450319909655e-07,1.6647031420182247e-07,1.4413087797247703e-07,7.474731164646008e-08,5.014773084526646e-08,4.507009384257408e-08,4.2917631859262514e-08,2.9729440354336423e-08,2.8320993533737702e-08,2.7882494342857026e-08,2.745821232288638e-08,2.704770836179554e-08,2.5889910699522087e-08,2.44997932165434e-08,2.1539387270063772e-08,2.0344252682717424e-08,2.0121544569551793e-08,1.9692809484906177e-08,1.908128320101385e-08,1.7290364269696476e-08,1.6976260067239142e-08,1.540177347103399e-08,1.4235085917135067e-08,1.4129771283538627e-08,1.3532497999249762e-08,1.3161766861678634e-08,1.3072739095259881e-08,1.2898381789469534e-08,1.2646526021472482e-08,1.2326924419354571e-08
7.765967827993496e-06,9.320743869178743e-09,9.115148486138956e-09,1.184305932692465e-08,7.77513747307288e-09,1.3774364303594019e-08,5.802664194860769e-08,2.0452012494974271e-07,1.665854836929403e-06,0.9999865256783133,1.1619075644412027e-06,9.238513201599741e-07,6.345396845602219e-07,1.6445399215706404e-07,8.901680164379085e-08,7.664326852188323e-08,7.164967413679755e-08,4.381548358728627e-08,4.1184202958568543e-08,4.0376342593964537e-08,3.9599759838102384e-08,3.885319360312084e-08,3.67722746598141e-08,3.4321804893332025e-08,2.9264649307518794e-08,2.7295879280118285e-08,2.693334116621693e-08,2.62395036022342e-08,2.5258104393103872e-08,2.2441215664013517e-08,2.1956650190971556e-08,1.956733996876663e-08,1.78409265866324e-08,1.768706397754797e-08,1.682040021749983e-08,1.6287324680234455e-08,1.6159908059320445e-08,1.591100066413558e-08,1.555300919062746e-08,1.5101308957032778e-08
4.84422358673884e-06,1.042717758223382e-08,1.017986538212981e-08,1.3521079727887805e-08,5.477725216590014e-09,9.269639942575144e-09,3.272302391421369e-08,8.211218287653218e-08,2.2424690946899767e-07,1.2214210968946008e-06,0.9998613483962979,0.00012188040978232514,8.82651362110619e-06,3.4170616161252113e-07,1.454751092104457e-07,1.2024171611881125e-07,1.1047425229863531e-07,6.000383824512786e-08,5.5738581811464336e-08,5.4443729336273626e-08,5.3205539667528675e-08,5.202136719798331e-08,4.875177261277591e-08,4.496118231275827e-08,3.732836877128925e-08,3.4445187115448214e-08,3.391925893252264e-08,3.2917498145750345e-08,3.15098096943407e-08,2.7533212493686986e-08,2.6859778751458973e-08,2.3581698478730848e-08,2.1259855048780472e-08,2.1055044995546053e-08,1.9907599688324172e-08,1.920679282043541e-08,1.9039903527898606e-08,1.8714530213424263e-08,1.8248147689912484e-08,1.766229440101762e-08
2.8720822833570437e-06,1.0590084025158604e-08,1.0336412457083448e-08,1.3772287358865104e-08,5.247729999176485e-09,8.83932977800461e-09,3.067012200382205e-08,7.491588086230583e-08,1.9358327386676871e-07,9.264337677405124e-07,0.00012322222520005948,0.9998476734794892,2.3371526502940645e-05,3.8271881376695896e-07,1.5651132470053712e-07,1.2854710456498598e-07,1.1778800913724768e-07,6.279096220415681e-08,5.822334120155724e-08,5.683899953214888e-08,5.551625130959781e-08,5.425216543546429e-08,5.0766716698140546e-08,4.6734976636844474e-08,3.864557417394964e-08,3.5603473974678205e-08,3.5049333514298793e-08,3.399457409266134e-08,3.25138219969641e-08,2.8340416730849195e-08,2.763527465743954e-08,2.420920204787013e-08,2.178953855104649e-08,2.1576415981441757e-08,2.038332112402693e-08,1.965537194189069e-08,1.948211099902467e-08,1.9144410584115357e-08,1.866059439396622e-08,1.80532296478617e-08
1.411521740909726e-06,1.0922315819328036e-08,1.0655489050737569e-08,1.4288157701685183e-08,4.836684324142849e-09,8.080053496117633e-09,2.719311782139464e-08,6.346964019140597e-08,1.5026663776580284e-07,5.967651932326724e-07,8.829161836007853e-06,2.4876327780205888e-05,0.9999621864377486,4.861620010499219e-07,1.821076215221838e-07,1.4757931178489653e-07,1.3445924745507461e-07,6.887728339554641e-08,6.362851246894981e-08,6.204318974137298e-08,6.053081300107001e-08,5.9087778293395816e-08,5.512024495783055e-08,5.0552323022279106e-08,4.145432943701881e-08,3.806444539082027e-08,3.7448719025316286e-08,3.6278427165253186e-08,3.4638700978125014e-08,3.003911292183026e-08,2.9265619857630236e-08,2.552172575887906e-08,2.2893169152355048e-08,2.266235251265197e-08,2.137224032388903e-08,2.0586721260605166e-08,2.0399960944511098e-08,2.0036158586877785e-08,1.9515464161431584e-08,1.8862651007550812e-08
2.8078107930640284e-07,1.3029886905733897e-08,1.2673128698401507e-08,1.7689446350801865e-08,3.3373532172735003e-09,5.422031744836715e-09,1.6448706832952453e-08,3.3434128892350045e-08,6.364730971504447e-08,1.7199681081015538e-07,6.441563901360549e-07,8.595848124001338e-07,2.040974400157161e-06,0.9999928871970181,7.03772934020361e-07,4.6888528576066344e-07,3.964599772595501e-07,1.3045227181587972e-07,1.1653475135468352e-07,1.124690525111359e-07,1.0864846693481964e-07,1.0505601959178637e-07,9.543440730376116e-08,8.481362993369932e-08,6.501248105789081e-08,5.817795983106859e-08,5.6965424055256966e-08,5.468692094467379e-08,5.154446792244939e-08,4.3049276230553196e-08,4.167106785151244e-08,3.518681520557193e-08,3.08266001569427e-08,3.045190431549507e-08,2.838063380776061e-08,2.7137705310393463e-08,2.6844401254401347e-08,2.6275335016124536e-08,2.5466392509503457e-08,2.4461187289376217e-08
1.1088150120368512e-07,1.5440871412839403e-08,1.497054977662817e-08,2.1810906082439247e-08,2.494713744535365e-09,3.995088802431275e-09,1.1377004249073781e-08,2.135349405088115e-08,3.6485532201713865e-08,7.93856160441995e-08,1.8109139510306146e-07,2.0785322651155396e-07,2.807761903080993e-07,2.641673924367498e-06,0.9999773395839621,1.1750485859380791e-05,4.824826061587943e-06,2.896147261508207e-07,2.445140962283206e-07,2.320183313753096e-07,2.205509656781379e-07,2.1001337383385827e-07,1.8291304763974384e-07,1.548889607573448e-07,1.0742640981769372e-07,9.27746389241507e-08,9.025603139060292e-08,8.559424803873041e-08,7.929495986204493e-08,6.305892642336884e-08,6.054332116166909e-08,4.911472736143026e-08,4.1820280136209704e-08,4.120947060635111e-08,3.787610533710472e-08,3.590889838803003e-08,3.544868033047734e-08,3.455981575978998e-08,3.330600018283507e-08,3.176350515045699e-08
8.565144073797219e-08,1.6369616497935564e-08,1.5853120910953347e-08,2.345442744307785e-08,2.273214917627041e-09,3.627836812611595e-09,1.0148099126177544e-08,1.862667000694022e-08,3.093243622733566e-08,6.358348331334357e-08,1.3107312881894887e-07,1.4723797802911817e-07,1.885937904398302e-07,8.369305059203513e-07,1.3594295395260773e-05,0.9999065335355184,7.522996064727473e-05,3.9131174603415444e-07,3.2349066297449967e-07,3.0496522994633905e-07,2.880826453501626e-07,2.7267882913436374e-07,2.3356437593076763e-07,1.9397885085061513e-07,1.2915660615977746e-07,1.0998551117074694e-07,1.0672829123569295e-07,1.0073344629224525e-07,9.26925860498187e-08,7.232267353498853e-08,6.922049673693633e-08,5.5301060368454236e-08,4.658397902145239e-08,4.5860955688061815e-08,4.1933317053750276e-08,3.962912284453587e-08,3.909174495526553e-08,3.805552597917069e-08,3.659790328215823e-08,3.481106550954744e-08
7.646251734390146e-08,1.685534950955818e-08,1.63141233964364e-08,2.4328078836195753e-08,2.1746730199561174e-09,3.4657468394854423e-09,9.618739639252224e-09,1.7482995225988897e-08,2.8681567577100967e-08,5.758435393801371e-08,1.1410471621631673e-07,1.271520938149132e-07,1.598209918449359e-07,6.004919219915509e-07,4.881655485336075e-06,7.660969583387816e-05,0.9999137958609332,4.5926125249297036e-07,3.75648500716151e-07,3.529110743839942e-07,3.3225175524039837e-07,3.134637345493763e-07,2.6604468976083563e-07,2.1858833426802353e-07,1.4224077156699554e-07,1.2019124654102426e-07,1.1646901310341568e-07,1.0963953075686127e-07,1.0051585811136208e-07,7.761812436215686e-08,7.416343807754875e-08,5.876505885693367e-08,4.9219143738242115e-08,4.843136821751047e-08,4.4162333342206154e-08,4.1665723429631924e-08,4.1084423489985794e-08,3.996445863060257e-08,3.8391326672665015e-08,3.646649612541722e-08
3.806517184795384e-08,2.2064755140961473e-08,2.1230990986237452e-08,3.4426982670105594e-08,1.556305080866152e-09,2.468696602151579e-09,6.552094324944783e-09,1.1246400153295201e-08,1.7244473441524765e-08,3.0662348600313537e-08,5.086321621984353e-08,5.480569704623509e-08,6.385175189198191e-08,1.470260844248284e-07,4.1599860353892596e-07,7.547449941002704e-07,1.1453276896621157e-06,0.9999250358362506,3.155375624191242e-05,1.6387753767472156e-05,9.998735813437791e-06,6.856484533954409e-06,3.0522499833806815e-06,1.502665656866167e-06,5.058069332706567e-07,3.6386939625610853e-07,3.430508513780962e-07,3.0719903269915045e-07,2.632279595587376e-07,1.7095806816251727e-07,1.5915780637945248e-07,1.1189423111432725e-07,8.677216548652014e-08,8.48404533833936e-08,7.470657627820774e-08,6.902366338739862e-08,6.772814996639354e-08,6.525930199471524e-08,6.185473194104955e-08,5.7785680218212525e-08
3.449466234354552e-08,2.3083562650552362e-08,2.218842891179935e-08,3.652455187393111e-08,1.4776400509098657e-09,2.3438654729682545e-09,6.1850573808632945e-09,1.0533929014971047e-08,1.6007767461965637e-08,2.8014167248391885e-08,4.55053449983306e-08,4.8848751113448436e-08,5.6440520445798325e-08,1.231941562865109e-07,3.1284173303912427e-07,5.076553155698767e-07,6.906727094884752e-07,3.302948460456663e-05,0.9994625324455824,0.0003974573093983603,6.557141075969495e-05,2.659943645593079e-05,6.917109992066547e-06,2.55846451816553e-06,6.60746036204481e-07,4.5547362101250877e-07,4.264025765902183e-07,3.770998513666081e-07,3.178037225530877e-07,1.9822415431461926e-07,1.8349328065740395e-07,1.257433405206319e-07,9.599379917205982e-08,9.373820529400935e-08,8.197707194542334e-08,7.543316655488733e-08,7.394726968347592e-08,7.112131388110359e-08,6.723755972852435e-08,6.261571320200665e-08
3.343039071892674e-08,2.343540344976834e-08,2.2518732665803322e-08,3.7259368664492584e-08,1.4528277532749974e-09,2.3046085452787665e-09,6.070660130165836e-09,1.0313818996864761e-08,1.5629448321483124e-08,2.7217743149102373e-08,4.393062240053311e-08,4.7105211988125914e-08,5.429115241748904e-08,1.1666071628951137e-07,2.877269256659885e-07,4.5470282676263654e-07,6.044737993171551e-07,1.6562279898474554e-05,0.0004008600096845901,0.9991882647845928,0.00030864359087288463,6.705185190173936e-05,1.0058238508785839e-05,3.169131926767786e-06,7.272696185665435e-07,4.933571797512048e-07,4.606411590508311e-07,4.054630871420863e-07,3.395908186611333e-07,2.0867754969240543e-07,1.9277009803558416e-07,1.3088701211840723e-07,9.936381443285936e-08,9.698571888601126e-08,8.46125779852661e-08,7.774700723045153e-08,7.619026262429385e-08,7.323163484717486e-08,6.917040027807418e-08,6.434458295415301e-08
3.242161992986874e-08,2.3793768863323862e-08,2.2854981839899255e-08,3.801340414306697e-08,1.4286750440745005e-09,2.2664500479008317e-09,5.959941839916827e-09,1.010168213510708e-08,1.5266522424662926e-08,2.6459756412456214e-08,4.24475288142126e-08,4.546619504726917e-08,5.227894831842468e-08,1.1069250988416637e-07,2.6584447318789835e-07,4.1060770795868316e-07,5.354650930047563e-07,9.936472004438543e-06,6.462864718472136e-05,0.00031345136299424747,0.9991771317681157,0.00040897129356505616,1.6338031914584472e-05,4.039283833729132e-06,8.037717684259789e-07,5.359732648063193e-07,4.990036612890623e-07,4.3702464161174306e-07,3.636045626042116e-07,2.1993936299628395e-07,2.0273286161320904e-07,1.3633251455391192e-07,1.0290049026597077e-07,1.0039151323555856e-07,8.73663298275667e-08,8.015938116118889e-08,7.852757925444463e-08,7.542855223346319e-08,7.117979987859843e-08,6.613891087718479e-08
3.14645643947519e-08,2.4158984418905117e-08,2.319747112947649e-08,3.878774464305456e-08,1.4051570899932444e-09,2.229347051367329e-09,5.852743039001111e-09,9.897135992200255e-09,1.4918166573297262e-08,2.5737785130359594e-08,4.10490655303223e-08,4.392346597814676e-08,5.039238447412324e-08,1.0522519213387558e-07,2.4664073310227987e-07,3.733978475366971e-07,4.791138010316484e-07,6.7513375034801595e-06,2.6350036152671284e-05,6.62742952736403e-05,0.00041262215646282926,0.999445657393537,3.1317583455425255e-05,5.355896202256999e-06,8.924731311971873e-07,5.842129643985568e-07,5.422397940714289e-07,4.7233309499636464e-07,3.9019282301231215e-07,2.3210850299507755e-07,2.134624022767366e-07,1.4210922652336566e-07,1.0661800186185756e-07,1.0396890153730022e-07,9.024767181038227e-08,8.26777840813422e-08,8.096632861285614e-08,7.771847964126941e-08,7.327128872868092e-08,6.800328305366554e-08
2.8867507318106214e-08,2.529714302835089e-08,2.4263614059049295e-08,4.123906067433692e-08,1.3381715181090387e-09,2.12395212957992e-09,5.550674016385531e-09,9.325222440047965e-09,1.3952366362956782e-08,2.3764467084345764e-08,3.729609025633619e-08,3.979662322064697e-08,4.538118260333116e-08,9.128321138375179e-08,2.01015142156782e-07,2.901725444651255e-07,3.589723912172427e-07,2.9733647057130666e-06,6.8757876229201705e-06,1.0121684822739286e-05,1.6816555018867016e-05,3.3913954460504724e-05,0.999901979635393,2.0797920571073697e-05,1.2589755715818785e-06,7.732988458958922e-07,7.10031627733448e-07,6.069466651796401e-07,4.892665783152668e-07,2.75070546058297e-07,2.5106591508163575e-07,1.617006616040685e-07,1.1897765407336674e-07,1.158444160772406e-07,9.97348760903169e-08,9.092940488741985e-08,8.894807487927077e-08,8.519698855122784e-08,8.008123374696598e-08,7.4051518633556e-08
2.5940032665789684e-08,2.6923887069191124e-08,2.5784358219017785e-08,4.484563947893705e-08,1.2564046614960054e-09,1.9958851523847414e-09,5.188558866000969e-09,8.648443436325097e-09,1.2825276247387612e-08,2.151422263083387e-08,3.3139468675339965e-08,3.524900098834729e-08,3.991972382697152e-08,7.702223207202475e-08,1.589325739217452e-07,2.19356687773316e-07,2.628455735784965e-07,1.4537551817165288e-06,2.515196344262347e-06,3.142368321785553e-06,4.052013122136504e-06,5.465415582580306e-06,2.3410296245251526e-05,0.9999512651667998,2.1165847014081725e-06,1.1918934502699013e-06,1.0748063690075263e-06,8.90383910265731e-07,6.885407148639134e-07,3.5304881756235835e-07,3.1834296611687116e-07,1.945844236191448e-07,1.3892776378162197e-07,1.3495574296115838e-07,1.1475935133523557e-07,1.0387759910715556e-07,1.0144633245969567e-07,9.685967278545771e-08,9.064134024232363e-08,8.3366361665849e-08
2.0483085794564073e-08,3.160709576852873e-08,3.0143085417159814e-08,5.59161309619284e-08,1.0827877225786335e-09,1.7260584826422603e-09,4.442830117251533e-09,7.284434741273979e-09,1.0604754724000013e-08,1.724307891195911e-08,2.5597397361712862e-08,2.706009170389137e-08,3.0245366431761983e-08,5.399074740100039e-08,9.947880914690178e-08,1.2834286583566318e-07,1.4715044241063033e-07,5.155522352739184e-07,7.133559526330931e-07,8.043215287204016e-07,9.135431448958332e-07,1.0467333756266408e-06,1.676136455871125e-06,3.969640672239446e-06,0.9999533524553801,1.5319067922445968e-05,9.894647717081991e-06,5.3016220110089266e-06,2.7199191292269047e-06,7.917494039972057e-07,6.777958033039632e-07,3.3694670291849925e-07,2.1632556491146815e-07,2.085083161643482e-07,1.7018273323542748e-07,1.5048187383467765e-07,1.4618033551952962e-07,1.3815781036859826e-07,1.27486351389146e-07,1.1529166451419738e-07
1.8429567918236745e-08,3.427634099130425e-08,3.2616608341257975e-08,6.265361150628552e-08,1.009227719244393e-09,1.612566442190985e-09,4.1357035222387636e-09,6.7337290641332e-09,9.726649179087138e-09,1.560954324917297e-08,2.282628875873513e-08,2.4071443297003166e-08,2.676518050907835e-08,4.6347351215334106e-08,8.18552949112515e-08,1.0319652433980263e-07,1.1665886588290109e-07,3.506752148727415e-07,4.570449987101019e-07,5.02988606319828e-07,5.560185446224591e-07,6.178252843693408e-07,8.775666398280295e-07,1.5655681172316302e-06,1.7182164753753137e-05,0.9991521208309537,0.0007684788465905379,4.2191962858837444e-05,1.000714254877935e-05,1.346793025182532e-06,1.0986120946712672e-06,4.629270572553209e-07,2.767161654452618e-07,2.6539414967074505e-07,2.1112061286163386e-07,1.839981417403108e-07,1.7815930847880653e-07,1.673438162528011e-07,1.5312047183424418e-07,1.3709226666975092e-07
1.8060031401849802e-08,3.484042905906666e-08,3.313836649421141e-08,6.41176776701367e-08,9.954080513190776e-10,1.591301703013039e-09,4.078604275773119e-09,6.632087421203012e-09,9.565789841114991e-09,1.5313892537693123e-08,2.2331755074239165e-08,2.3539316768251073e-08,2.6148568097690265e-08,4.502985413991736e-08,7.892664973729616e-08,9.91068968981618e-08,1.1176749877012386e-07,3.2746481555931893e-07,4.22781517933516e-07,4.6352296780741894e-07,5.10246870133832e-07,5.643092790744577e-07,7.874673697856657e-07,1.35430191074542e-06,1.0596340493339871e-05,0.0007705950430908276,0.9990835344734911,0.00011009646593741902,1.5270927632337546e-05,1.5176111249747096e-06,1.222823709697905e-06,4.953664453770315e-07,2.9138899804776126e-07,2.791618639448865e-07,2.208234746266041e-07,1.9184789702112416e-07,1.8562891920014528e-07,1.7412599031669924e-07,1.5903538182663253e-07,1.4208003781890758e-07
1.735935476576473e-08,3.600984337852595e-08,3.421881679333235e-08,6.720493483814879e-08,9.686033424813296e-10,1.5501155151593415e-09,3.968482991570101e-09,6.436821470689698e-09,9.257972058841703e-09,1.4751684631467384e-08,2.1397977413442876e-08,2.2535702333434842e-08,2.4988413726174122e-08,4.2584453000470085e-08,7.358779187100442e-08,9.172381378143049e-08,1.029894601436457e-07,2.882100430649955e-07,3.660748622084822e-07,3.9875756569070874e-07,4.3583686685507444e-07,4.782269698998355e-07,6.48051112343605e-07,1.0515745243160235e-06,5.443647556796836e-06,4.2272448490577234e-05,0.00011290169978014179,0.9997711749776763,5.805648648083349e-05,1.9857471189921415e-06,1.5505268970858143e-06,5.718997547766271e-07,3.246445746035302e-07,3.1028451434382747e-07,2.424541966434068e-07,2.092095219937721e-07,2.021201050322692e-07,1.8904896178354002e-07,1.7199003754867983e-07,1.5294421005882002e-07
1.6389879280203126e-08,3.784761778154017e-08,3.591404440183112e-08,7.217973880677263e-08,9.303326114577181e-10,1.4914299171877912e-09,3.812483618769086e-09,6.161689694171252e-09,8.826617253538728e-09,1.3970639938572627e-08,2.01134945187095e-08,2.11573589031693e-08,2.3400465357221118e-08,3.929923689536367e-08,6.658742394310443e-08,8.216929857071018e-08,9.172040222303376e-08,2.4152098513347194e-07,3.0046557197940913e-07,3.2464485937369243e-07,3.5170064289246965e-07,3.8216100444158423e-07,4.998822649407586e-07,7.577056526785048e-07,2.699191557826872e-06,9.942561110704935e-06,1.5279037752257603e-05,6.049128848707795e-05,0.9998999088011683,3.160658538687591e-06,2.318541374511128e-06,7.175738953884582e-07,3.843321453892199e-07,3.659356930584803e-07,2.8037408135240006e-07,2.392776648506895e-07,2.3060483952861618e-07,2.146932664730258e-07,1.94097554934733e-07,1.7133154169192744e-07
1.3755063434305728e-08,4.502562637628853e-08,4.250023210854255e-08,9.332959551016378e-08,8.175259729161198e-10,1.3193696239815505e-09,3.3622270196773696e-09,5.3787095931856735e-09,7.616202198114634e-09,1.1826655925455122e-08,1.6671830139279418e-08,1.747836605902429e-08,1.9196073669596514e-08,3.0978767283579475e-08,4.983737355324904e-08,5.995035217235651e-08,6.594966982863418e-08,1.5049323410650216e-07,1.790762272914682e-07,1.902448116061015e-07,2.0239874254741834e-07,2.1567499384663008e-07,2.63590831946265e-07,3.546264124839527e-07,8.202587881825495e-07,1.5108487483582103e-06,1.74523166607055e-06,2.435033684021785e-06,4.665230236610756e-06,0.9997211627745893,0.0002598096916354766,2.0704705219481e-06,7.788529443442193e-07,7.272950000291245e-07,5.047104754064281e-07,4.080763284939408e-07,3.8869684572114423e-07,3.539835426309981e-07,3.1076816328637245e-07,2.6517748040005786e-07
1.3311921908343017e-08,4.6643203295685204e-08,4.397805410855956e-08,9.844310236565484e-08,7.973073361437939e-10,1.2886612481246204e-09,3.2828387981709674e-09,5.2421775670588335e-09,7.407458994633437e-09,1.1463212814294248e-08,1.6099450380715388e-08,1.686837376023519e-08,1.850340275652606e-08,2.9654656272215484e-08,4.7285928830105134e-08,5.663941276352577e-08,6.215826813955058e-08,1.3859209224120027e-07,1.638089105823356e-07,1.7358872003155054e-07,1.841864132765498e-07,1.9571016595471414e-07,2.3688075746598332e-07,3.1344878730040514e-07,6.872997666230381e-07,1.1921068798537565e-06,1.3539714487917374e-06,1.8020808139795943e-06,3.0140367186447618e-06,0.0002609139847287778,0.9997221248566566,2.7473280757989785e-06,9.182590689638055e-07,8.531042931967277e-07,5.769256365103274e-07,4.599777470271351e-07,4.368274120185332e-07,3.9560358025551e-07,3.4477182313607635e-07,2.9174810979473875e-07
1.1229303920558393e-08,5.759970724617496e-08,5.3920258702654314e-08,1.374042855365079e-07,6.956572092336275e-10,1.1349852725334539e-09,2.8909086774063924e-09,4.576126078361114e-09,6.400922454210434e-09,9.741704157446524e-09,1.3438900115035803e-08,1.4041304291835065e-08,1.53126816343053e-08,2.3753692717930644e-08,3.6366065349165e-08,4.273621414583929e-08,4.640637057514882e-08,9.371171543382687e-08,1.0781216518228804e-07,1.1312160083516286e-07,1.1878122201937836e-07,1.248282180495799e-07,1.4561504617404818e-07,1.8138252620495535e-07,3.2830599300482145e-07,4.765386557030952e-07,5.174338423859505e-07,6.175171837273959e-07,8.236920755619687e-07,2.9546262430162457e-06,4.478010204935189e-06,0.9999747265706326,4.1209227579335236e-06,3.5224673305425284e-06,1.6756571212999434e-06,1.1411713152888094e-06,1.0505638163441791e-06,8.993422727023978e-07,7.302120278302048e-07,5.720240059947413e-07
9.793721377324376e-09,6.998574479937391e-08,6.505228733519681e-08,1.9000574946341993e-07,6.193824053701733e-10,1.0203541147268723e-09,2.603465383700968e-09,4.094947513442192e-09,5.684400497435057e-09,8.543231780898099e-09,1.1630234903739423e-08,1.2126549923757802e-08,1.3168209108198255e-08,1.9947208118750264e-08,2.966220897608169e-08,3.439737465480613e-08,3.708012646255648e-08,6.995565828300359e-08,7.910603307480965e-08,8.248777707270011e-08,8.605583096473703e-08,8.982689580365298e-08,1.0248839579494041e-07,1.2327562252804138e-07,2.0024833887604882e-07,2.664399667686852e-07,2.832178841770116e-07,3.219522591269005e-07,3.9446751486436826e-07,8.827518592574454e-07,1.0843079832083756e-06,5.528954652052632e-06,0.9984271875794265,0.0015388446941352802,1.0392668918526066e-05,4.1853643303811045e-06,3.541432749308302e-06,2.6385396943586422e-06,1.8435462230147277e-06,1.252959969423702e-06
9.667410495010673e-09,7.140814129576876e-08,6.632378598942914e-08,1.9670059782202878e-07,6.123711703606448e-10,1.009849492344428e-09,2.5773586778995483e-09,4.051584760820189e-09,5.620316516211308e-09,8.437259215904471e-09,1.147219489936619e-08,1.1959546185906009e-08,1.2981878058427897e-08,1.9623128315478176e-08,2.910531769519652e-08,3.371241457657036e-08,3.6318774544987606e-08,6.811930345808406e-08,7.691876410413843e-08,8.016583563205587e-08,8.358894989546615e-08,8.7203654293259e-08,9.931733770985884e-08,1.1913196184540575e-07,1.9192334839812638e-07,2.5377750753522683e-07,2.69361662337408e-07,3.051965608105469e-07,3.718446577440394e-07,8.09710802192189e-07,9.861042442674506e-07,4.4430224122462215e-06,0.0015396211702602036,0.9984213916323985,1.4389395622693096e-05,5.077193680963285e-06,4.224066896828625e-06,3.063453256530427e-06,2.0823356016316878e-06,1.3814965525720242e-06
8.96573674592336e-09,8.0887317657779e-08,7.476084612686707e-08,2.454077761796196e-07,5.72389694228969e-10,9.500588393389304e-10,2.4295742168636865e-09,3.807268188668447e-09,5.26087615572379e-09,7.846871309242517e-09,1.0597753660627052e-08,1.1036476682762008e-08,1.1954205056812599e-08,1.7856284676190047e-08,2.6110212148106892e-08,3.0050905162995994e-08,3.2262327186093585e-08,5.8613656686690366e-08,6.567765319622614e-08,6.826331480156166e-08,7.097723333751566e-08,7.382984800302275e-08,8.329677495583945e-08,9.848755352328226e-08,1.521045786465928e-07,1.9502899537443764e-07,2.0552327034560647e-07,2.2918503334780582e-07,2.718277469914137e-07,5.212677401710297e-07,6.106184796221861e-07,1.8399099062209616e-06,1.1092892953496327e-05,1.5935553892296455e-05,0.9998896066381525,3.694111177250826e-05,2.2072398127373034e-05,1.0800250466514042e-05,5.4956099080328135e-06,2.937734986066631e-06
8.54366621426206e-09,8.806110931519175e-08,8.11121263732915e-08,2.8668540907947e-07,5.475536817820981e-10,9.130034595636097e-10,2.338591045305398e-09,3.6577219087050873e-09,5.042084457734008e-09,7.490470113660043e-09,1.0074357256065926e-08,1.0484695026180129e-08,1.1341547244934965e-08,1.6817903520364577e-08,2.4379102586718443e-08,2.7950525754300952e-08,2.994491771418045e-08,5.336932697667793e-08,5.952944308481408e-08,6.177344854220988e-08,6.412272920561618e-08,6.6585435163724e-08,7.471191191885116e-08,8.761082031135274e-08,1.3212358857722396e-07,1.6658755395655148e-07,1.7487728192811348e-07,1.9337197514187353e-07,2.2612627241860594e-07,4.063464127617362e-07,4.6683448015058414e-07,1.1871847239147255e-06,4.22840057682898e-06,5.201321696415518e-06,3.873220035341319e-05,0.9987340572691171,0.0011308760832067688,6.113210272227728e-05,1.5877648810245967e-05,5.855879468515257e-06
8.44350609371088e-09,8.999414640454327e-08,8.28182293647082e-08,2.985743571734196e-07,5.415573102348779e-10,9.040679704411425e-10,2.3167311689663292e-09,3.621902917051919e-09,4.9898355661933815e-09,7.405735316296313e-09,9.950472328992177e-09,1.0354179970488476e-08,1.1196834960562523e-08,1.6574454207536104e-08,2.3976762127244827e-08,2.7464242923736682e-08,2.940950602782732e-08,5.217959999931817e-08,5.814076125713303e-08,6.030988837657444e-08,6.257942729578463e-08,6.49570601767523e-08,7.279262761560865e-08,8.519891593815158e-08,1.2779524690953038e-07,1.6052997061548433e-07,1.6837545576255926e-07,1.8583812256554068e-07,2.1664869714377297e-07,3.8398977400921817e-07,4.393888208766585e-07,1.081201090444906e-06,3.5435504428492685e-06,4.2750077230948735e-06,2.2523674017087922e-05,0.0011329423848825927,0.9986069210889869,0.00019471937897047424,2.3908307871978246e-05,7.315561668783673e-06
8.249073297707866e-09,9.403099677141292e-08,8.637461231278849e-08,3.2445568985028514e-07,5.29806714520257e-10,8.865698278236701e-10,2.274008611896947e-09,3.5520178400663215e-09,4.8880604834819955e-09,7.241078655953332e-09,9.71032224255126e-09,1.010127064005464e-08,1.0916627114980095e-08,1.6104953134510155e-08,2.3204446388436264e-08,2.6532723478080623e-08,2.8385018672958142e-08,4.992488024773211e-08,5.551502180238285e-08,5.7544801354714286e-08,5.966612552768816e-08,6.188583845692345e-08,6.918275296594107e-08,8.068144191916135e-08,1.1978345762422096e-07,1.4941094416887933e-07,1.5646372363973917e-07,1.720938530782505e-07,1.994776608914721e-07,3.446841799177153e-07,3.915515426812245e-07,9.085028339483334e-07,2.6060945738546245e-06,3.049702880736327e-06,1.0813540515756168e-05,6.093110373710802e-05,0.0001970460573039103,0.9996334509621131,7.604094107410167e-05,1.2525147032040044e-05
7.971637895069834e-09,1.0059079602657999e-07,9.21338849150473e-08,3.6995349581371816e-07,5.127653265461291e-10,8.612229240831078e-10,2.2123363799123485e-09,3.4514302387185444e-09,4.741981135708698e-09,7.005721895637983e-09,9.368471676733102e-09,9.741482723384599e-09,1.0518516615803677e-08,1.5442457665998406e-08,2.2123234172088297e-08,2.5233162463531905e-08,2.6958430897367616e-08,4.6835841972677476e-08,5.1931416266374806e-08,5.377610600901155e-08,5.570093454610651e-08,5.7711702825364725e-08,6.429896909650332e-08,7.461155794317873e-08,1.0922439354720923e-07,1.3495403647489996e-07,1.4102360441431767e-07,1.5439690842783937e-07,1.776100702566609e-07,2.969316041646079e-07,3.3419692222490415e-07,7.210260365258578e-07,1.7992499442313575e-06,2.0424563682344994e-06,5.4379198605754756e-06,1.5763460608933232e-05,2.391320821010825e-05,7.780683259463432e-05,0.9998165841862496,5.346689433565046e-05
7.625779996794605e-09,1.1035258154788277e-07,1.0066359115825743e-07,4.459771964386953e-07,4.910684539937463e-10,8.290012942921376e-10,2.134288306821757e-09,3.3246175988981653e-09,4.5584831874729555e-09,6.7116594091229425e-09,8.943627503668605e-09,9.294708008224933e-09,1.0024973999675234e-08,1.4628357477600551e-08,2.0807931996329146e-08,2.365923799949847e-08,2.523477478471411e-08,4.317935433597353e-08,4.7709780903117365e-08,4.934389197241947e-08,5.1045692094634055e-08,5.281988773810213e-08,5.860789140045088e-08,6.75979785824286e-08,9.730562726387356e-08,1.1889768996877614e-07,1.2393762270120295e-07,1.3496802618556563e-07,1.5391157614899358e-07,2.4793821767979627e-07,2.7623128221941475e-07,5.512642227409693e-07,1.2078174177196073e-06,1.3364139165069902e-06,2.860965769145999e-06,5.744234868482361e-06,7.2044195757289705e-06,1.2449386335733799e-05,5.451017302273177e-05,0.9999118136896554
