0.9999896500612444,9.154575759669341e-06,2.8415549504155834e-07,1.6331270240660486e-07,1.2108668263193196e-07,9.496534871819583e-08,8.26142946498353e-08,3.888824765999765e-08,3.239994380611022e-08,2.768182102480899e-08,2.7028304964213702e-08,2.0504664334858712e-08,2.0148839340660305e-08,1.8843101540717198e-08,1.797329352384497e-08,1.5553005647698925e-08,1.515556450266892e-08,1.478033929411776e-08,1.425431101053996e-08,1.3456610506359557e-08,1.2742448592171353e-08,1.261062531118854e-08,1.1207963843232742e-08,1.0723154305206807e-08,1.0454432794482816e-08,1.0368206378020437e-08,9.726905096997933e-09,9.653013141026413e-09,9.037961633919827e-09,8.557425701069343e-09,8.286308148891223e-09,7.702981606094424e-09,7.322913758542044e-09,6.599304760596411e-09,6.5677608778820965e-09,6.385654445459843e-09,6.2141183338205035e-09,6.186478692866708e-09,6.000690299870891e-09,5.950034349930513e-09
9.334137863425393e-06,0.9999891292633657,4.383460661051987e-07,2.268386569065642e-07,1.6009285672725392e-07,1.210366577535189e-07,1.0326248327093616e-07,4.450601155075602e-08,3.6555773439750664e-08,3.088616059307322e-08,3.010790383684308e-08,2.243953107668906e-08,2.2027909408460616e-08,2.052269589272902e-08,1.9524832674744895e-08,1.6767856216276574e-08,1.631843191530138e-08,1.5894980968007273e-08,1.5302704813029038e-08,1.440745718468128e-08,1.3609019612718525e-08,1.3462012924348352e-08,1.1903940130051718e-08,1.1368464784117481e-08,1.1072335330902175e-08,1.0977417263966848e-08,1.027294995058195e-08,1.0191962335598977e-08,9.519275565996924e-09,8.99551822753022e-09,8.700769063653243e-09,8.068343230528573e-09,7.657667372259518e-09,6.8787162639762095e-09,6.844860700942143e-09,6.649566511717035e-09,6.465845642433071e-09,6.436264354431368e-09,6.237587915335922e-09,6.1834686115817804e-09
3.686291998931955e-07,8.262321364454969e-07,0.9999939564804887,2.6118820866383e-06,8.27295703365621e-07,4.310452198339673e-07,3.125401867940515e-07,7.663703742652044e-08,5.8769570898058885e-08,4.7155179314197444e-08,4.5626601369027755e-08,3.1437995780335206e-08,3.072887756132249e-08,2.8174280976331936e-08,2.6515059848738142e-08,2.2066589471543592e-08,2.136320244281196e-08,2.070588758552835e-08,1.9795056576259087e-08,1.843636276764398e-08,1.724314347776291e-08,1.7025659903099825e-08,1.4756526753430437e-08,1.3993960542001715e-08,1.3575968517386868e-08,1.344255722639535e-08,1.2460394110228297e-08,1.2348461050014546e-08,1.1426268728222304e-08,1.071766526745136e-08,1.0322732078744838e-08,9.484133904377222e-09,8.946398046845206e-09,7.940608821647848e-09,7.897373301116237e-09,7.648713924005704e-09,7.415902171216503e-09,7.378517395512401e-09,7.128189368744858e-09,7.0602330419096e-09
1.6355917308968036e-07,2.6478883852242334e-07,3.3402824811801075e-06,0.9999871265996083,6.242088245930412e-06,1.3113221874339597e-06,7.52725419499169e-07,1.0498487705650288e-07,7.70817973640884e-08,5.990084974768989e-08,5.76946488324157e-08,3.7885381878224833e-08,3.693635833876951e-08,3.354621478039738e-08,3.136973085048145e-08,2.562871826948821e-08,2.4736531934937376e-08,2.3906626280375516e-08,2.276256286021926e-08,2.1068297127504325e-08,1.9593038225754842e-08,1.9325673604646838e-08,1.655954733035557e-08,1.564142982578409e-08,1.5140618936461842e-08,1.49811478944568e-08,1.3812258579456074e-08,1.367967596696793e-08,1.2592144277924822e-08,1.1762426239292869e-08,1.1302418746697026e-08,1.033105788519298e-08,9.712442039819924e-09,8.564000845754172e-09,8.514923561849673e-09,8.23311286713449e-09,7.969924946694429e-09,7.927722805395667e-09,7.645587554994665e-09,7.569135241870483e-09
1.0860157601833274e-07,1.5945616544819775e-07,8.402680846294358e-07,7.221327116177822e-06,0.9999824927237595,6.097068728162528e-06,2.157022809556358e-06,1.3485035521054135e-07,9.551902582831578e-08,7.226542011434818e-08,6.933794303290866e-08,4.373729017863423e-08,4.2553021500874286e-08,3.835048864018289e-08,3.567708695371023e-08,2.8715721960898118e-08,2.764876668582707e-08,2.6659889721837533e-08,2.530222769021665e-08,2.330301221248714e-08,2.157375298639292e-08,2.1261755288697277e-08,1.805499127753549e-08,1.7000893777460894e-08,1.6428082990692243e-08,1.6246011364035768e-08,1.4915960844155335e-08,1.4765651714325816e-08,1.353686938880921e-08,1.2604503809459436e-08,1.2089668272192153e-08,1.1007137923411683e-08,1.0321297820590055e-08,9.055219906325174e-09,9.001358679732299e-09,8.692446255152842e-09,8.404494574280019e-09,8.358371036940704e-09,8.05039136937929e-09,7.967050073296521e-09
7.87086555297173e-08,1.0897921163471454e-07,4.0672484313389243e-07,1.306821316563717e-06,7.139677910089753e-06,0.999968729968012,2.115196970266696e-05,1.7505086719449424e-07,1.1948754618334768e-07,8.782308125198216e-08,8.391564260087703e-08,5.06646905930373e-08,4.9183339073847135e-08,4.396245059722873e-08,4.067288909247358e-08,3.222065405347251e-08,3.0943944441333756e-08,2.976513162319276e-08,2.8153539153635243e-08,2.5794244762480634e-08,2.3767473603863687e-08,2.3403503181015076e-08,1.968770663678511e-08,1.8478476691418716e-08,1.782391759791508e-08,1.7616242449255953e-08,1.6104381167501436e-08,1.5934169468743702e-08,1.4547450281346962e-08,1.3501100364209262e-08,1.2925698235491014e-08,1.1721011842136848e-08,1.0961779665578646e-08,9.568152405947335e-09,9.509134335987431e-09,9.17105384201736e-09,8.856512896916404e-09,8.80618461366658e-09,8.470533112999465e-09,8.379828488120586e-09
6.561654831970325e-08,8.836340905622824e-08,2.840135105202597e-07,7.1799238817964e-07,2.1772260637276914e-06,2.1957273245559222e-05,0.9999735102908516,2.090663985865796e-07,1.3937955569368297e-07,1.004140741234734e-07,9.566586633850227e-08,5.599045924371692e-08,5.426876205911274e-08,4.822876396920885e-08,4.4447977034947777e-08,3.482151549612031e-08,3.338206246401477e-08,3.2056427696019996e-08,3.0249313515473036e-08,2.7614347182981338e-08,2.5361369267240135e-08,2.4958069518271114e-08,2.0859681976305965e-08,1.9535085126171278e-08,1.8819967185986778e-08,1.8593362354942684e-08,1.6947534940050043e-08,1.6762714508075952e-08,1.5260485883077314e-08,1.4131251394330292e-08,1.351199652859989e-08,1.2219254177335741e-08,1.1407403758567324e-08,9.922850795004503e-09,9.860175355154886e-09,9.501429681958792e-09,9.168086749660661e-09,9.114788137383347e-09,8.759614567297e-09,8.663721974015072e-09
2.897939493399699e-08,3.597012371194771e-08,7.852845478533787e-08,1.3486367745026747e-07,2.252939282306336e-07,4.6600759328585443e-07,9.66698603968182e-07,0.9999924877332871,3.084443043927362e-06,6.494739795457842e-07,5.595140051345123e-07,1.5825361698147083e-07,1.4943586880335512e-07,1.211451280892326e-07,1.0540207259533367e-07,7.09022237815464e-08,6.645168759129048e-08,6.249538673958599e-08,5.730640685916446e-08,5.013072423474905e-08,4.4353947368884524e-08,4.3358621481365065e-08,3.3786003683854624e-08,3.0922492273485077e-08,2.942025111777038e-08,2.89505674667693e-08,2.5623222190192733e-08,2.5259435489546763e-08,2.2372282866415408e-08,2.028327802284532e-08,1.9168466502723815e-08,1.6905848332986096e-08,1.5531609539783178e-08,1.310581414503452e-08,1.3006195469971703e-08,1.2440056854596514e-08,1.1919929711836127e-08,1.1837292276640121e-08,1.1290484093286759e-08,1.1144027660195378e-08
2.2107051796314104e-08,2.6802808600792056e-08,5.223594256137187e-08,7.979891204631524e-08,1.1445270228077832e-07,1.746148202830858e-07,2.4491277888663e-07,4.481083725761782e-06,0.9999881313544855,2.7983333816988715e-06,2.095272892361285e-06,2.6115939724053875e-07,2.4265335394173695e-07,1.861429415170592e-07,1.5664924941636624e-07,9.681037796317654e-08,8.968035250707999e-08,8.345110406465342e-08,7.542972243142892e-08,6.46100224739674e-08,5.613885551605809e-08,5.47046764603005e-08,4.1237956453893855e-08,3.7348431489756514e-08,3.533327944128127e-08,3.4706902770674306e-08,3.0315825085982896e-08,2.9841224749847663e-08,2.611204811278055e-08,2.3456541678670993e-08,2.2055392982564916e-08,1.9244066635964938e-08,1.7559984757280113e-08,1.4628897067536008e-08,1.4509885835730735e-08,1.3835462509408863e-08,1.3218618308851519e-08,1.3120859807353234e-08,1.2475803986088208e-08,1.2303581288688561e-08
1.7590189367178275e-08,2.0970212813401196e-08,3.790673864126711e-08,5.417521829689444e-08,7.226437211260897e-08,9.916608228423421e-08,1.256634392863224e-07,6.580989120408365e-07,3.78059816204087e-06,0.9996579104684813,0.00033455768768829463,4.807404483554992e-07,4.367485652760655e-07,3.101040792089285e-07,2.492094531982049e-07,1.370952919538936e-07,1.2509130478336962e-07,1.1483193285774223e-07,1.0192280263630342e-07,8.503968365472191e-08,7.22683866929842e-08,7.015186481853887e-08,5.082987279945625e-08,4.5476756592920965e-08,4.274359667879056e-08,4.1899813993582036e-08,3.6055348961879894e-08,3.543187265241021e-08,3.05870719272037e-08,2.719789808705802e-08,2.543204040554897e-08,2.1933158194828585e-08,1.9868682196187566e-08,1.6329129862401303e-08,1.618710830253941e-08,1.5384705743374078e-08,1.4654253818116693e-08,1.4538796174899328e-08,1.3779167637944635e-08,1.3577023752559705e-08
1.69826918522563e-08,2.019716326239648e-08,3.613995533404714e-08,5.121945279116525e-08,6.773407109769114e-08,9.184623748661277e-08,1.1515690389365245e-07,5.465999117221291e-07,2.7705572189984475e-06,0.0003348943442317391,0.9996585073851042,5.39987519110221e-07,4.88421547822871e-07,3.4130807865708114e-07,2.7161389301627957e-07,1.4583700313672085e-07,1.3266841022147205e-07,1.2146347458629962e-07,1.0742869178757784e-07,8.918600656016758e-08,7.54787076309801e-08,7.32159037331821e-08,5.2664642889308944e-08,4.7014629608914686e-08,4.413750089159528e-08,4.325041143238279e-08,3.71190421696491e-08,3.646647808144191e-08,3.14054867074054e-08,2.7876042368193507e-08,2.6041115681203155e-08,2.241320962458536e-08,2.027832216336094e-08,1.662751262848055e-08,1.648131444985064e-08,1.5655734195743685e-08,1.4904775086119604e-08,1.4786129686264644e-08,1.400590519859764e-08,1.3798394284358376e-08
1.1633049952418783e-08,1.3539531380544405e-08,2.223650557943957e-08,2.9546582603139765e-08,3.674470947983519e-08,4.600265004769014e-08,5.378783362376292e-08,1.5716718738039525e-07,3.135475318711998e-07,8.771180377189968e-07,1.098075232489745e-06,0.9995915148593577,0.00039485052372574645,5.81144036923106e-06,2.4467755680988254e-06,4.695235336700935e-07,3.929668230267159e-07,3.354778239389565e-07,2.717201064742559e-07,2.0048610819077626e-07,1.5477687141009406e-07,1.4789307924407845e-07,9.190975589955068e-08,7.872781919544026e-08,7.233869173950402e-08,7.04126863771609e-08,5.760810479991291e-08,5.6301843140926135e-08,4.6518168325049854e-08,4.0058700241263675e-08,3.6823830903724536e-08,3.065715671229321e-08,2.7180340995084097e-08,2.1480377851458475e-08,2.1259542791535037e-08,2.002247628972682e-08,1.8911258645452055e-08,1.873692519568977e-08,1.759926194986564e-08,1.7299304717486593e-08
1.133762185104788e-08,1.3177800648787804e-08,2.152687803670215e-08,2.8493149261229722e-08,3.5311493501641736e-08,4.4022049464609286e-08,5.129524610965642e-08,1.4568677682110814e-07,2.824841677960146e-07,7.308750265074079e-07,8.913114322681418e-07,0.00039555275234888076,0.9995869388759763,9.122793767942631e-06,3.2047138355946437e-06,5.233245556548093e-07,4.33921402286394e-07,3.676203464687735e-07,2.9498365341049697e-07,2.150171411622283e-07,1.6447587702564604e-07,1.5693153657915182e-07,9.618123485210273e-08,8.207927756566107e-08,7.527380513255008e-08,7.322617645913061e-08,5.965839880097608e-08,5.8279305258038836e-08,4.7980139313447624e-08,4.121138891942093e-08,3.783215591300081e-08,3.140942088764106e-08,2.7800832289589032e-08,2.1904698268878112e-08,2.1676873307032862e-08,2.040146769068194e-08,1.9256966678691727e-08,1.907751259468979e-08,1.7907147934390747e-08,1.7598781964905255e-08
1.0275294362243578e-08,1.1883549456735074e-08,1.9036935682805345e-08,2.484959041098189e-08,3.0421461451125046e-08,3.737954164512587e-08,4.3051498196374464e-08,1.1124933049287473e-07,1.9700051080581918e-07,4.113007529942207e-07,4.776996334453763e-07,6.161075717617694e-06,1.0455555660021326e-05,0.9999491585064366,2.8725906351249563e-05,8.672436155655377e-07,6.843665543497812e-07,5.568937122470732e-07,4.259210495295354e-07,2.921000415259147e-07,2.1371128076317648e-07,2.0250578489552438e-07,1.1637799777742592e-07,9.766977475518656e-08,8.881639589906035e-08,8.617532471493173e-08,6.892870379801973e-08,6.7203440468524e-08,5.4480094461839506e-08,4.6281408890621806e-08,4.224243266168755e-08,3.466192237972645e-08,3.046555696676423e-08,2.3705414609992775e-08,2.3447080459867558e-08,2.2004711535256757e-08,2.071573969394016e-08,2.0514100733926182e-08,1.9202351562179322e-08,1.8857715171970926e-08
9.58517319917682e-09,1.1048242457388339e-08,1.7469625614770044e-08,2.2596818176578052e-08,2.7447746277025593e-08,3.342263190482422e-08,3.82221852576541e-08,9.33645146474344e-08,1.5675868617402573e-07,2.945368019388069e-07,3.335759432569834e-07,2.4785035348370832e-06,3.3360149042841573e-06,3.0258380981030432e-05,0.999957239228074,1.3664059441493054e-06,1.0258348631007691e-06,8.008508183067185e-07,5.83506767219328e-07,3.770571800559051e-07,2.646304064594722e-07,2.4918654722177376e-07,1.3528794126481435e-07,1.1195579908687536e-07,1.0109049933104537e-07,9.787283827364773e-08,7.710597891121631e-08,7.505556496968998e-08,6.008694613194021e-08,5.059325223567978e-08,4.596560951941849e-08,3.7366251779749675e-08,3.2661373245841433e-08,2.5165488672161563e-08,2.4881507227690955e-08,2.329920675131241e-08,2.1889668980993255e-08,2.1669561835831132e-08,2.0240424033878066e-08,1.9865760982023953e-08
7.789975806895971e-09,8.898280914245946e-09,1.3589614761804258e-08,1.7163259381091802e-08,2.0434434517380316e-08,2.433300213858711e-08,2.7360227562587724e-08,5.886452554210544e-08,8.841085578863966e-08,1.3941920089047247e-07,1.5172240731990606e-07,5.183009817642313e-07,5.935946054724856e-07,1.1503458543593348e-06,2.499901464574158e-06,0.9998785896311077,9.480672906704705e-05,1.3120205488914948e-05,3.859022124960733e-06,1.427081758969171e-06,7.202651478621627e-07,6.496392280191768e-07,2.5009917375116117e-07,1.9278925620596728e-07,1.6824075148637148e-07,1.6122266320044175e-07,1.1840234595993749e-07,1.1442671517468623e-07,8.669396102796845e-08,7.029024962370143e-08,6.264908846868785e-08,4.9023746220872094e-08,4.191510842259419e-08,3.107804249913033e-08,3.0681269321949155e-08,2.8487833028101585e-08,2.6557557657689432e-08,2.6258175941473407e-08,2.432853685116387e-08,2.3826838345196747e-08
7.498215444452477e-09,8.551613589805276e-09,1.2981942371899798e-08,1.6328508501342588e-08,1.9374285238180146e-08,2.2984399531175732e-08,2.5772618854948175e-08,5.433362112886863e-08,8.024256872356447e-08,1.235485049525947e-07,1.3376989620630385e-07,4.1692881606855245e-07,4.701419310362671e-07,8.225758626271306e-07,1.479705334012317e-06,9.622137327419893e-05,0.9998025296580791,8.438425234021406e-05,7.723323333464019e-06,2.0435457202439894e-06,9.241043825012163e-07,8.222576372768638e-07,2.865782777803562e-07,2.1703469900040968e-07,1.8783844013426012e-07,1.7956017240223481e-07,1.2969876848948092e-07,1.251346761615173e-07,9.361651897015188e-08,7.525992823219458e-08,6.67942171314839e-08,5.1831303287418856e-08,4.410382365035971e-08,3.2432260730548956e-08,3.200803691856731e-08,2.9666625391282135e-08,2.7611355207838214e-08,2.7293043821655343e-08,2.5244480610953e-08,2.4712776030927452e-08
7.2253806366787285e-09,8.228267765462839e-09,1.2420556688328662e-08,1.5562172245029118e-08,1.8406037849127023e-08,2.1759794667291158e-08,2.4337365626949212e-08,5.0369448208499426e-08,7.327837378466651e-08,1.1050601572297184e-07,1.1913087269069041e-07,3.450351602356575e-07,3.8479823214076734e-07,6.301599923242138e-07,1.0189930002335601e-06,1.3299379265662815e-05,8.634586605187914e-05,0.9998599542816137,3.029743076964953e-05,3.119730291346004e-06,1.232182097791421e-06,1.0777280668827773e-06,3.3197521507343415e-07,2.4628464597536545e-07,2.1115186194288432e-07,2.0128263582262912e-07,1.4270799871333113e-07,1.3743169210095897e-07,1.0139955604418768e-07,8.07683756672299e-08,7.135648665522834e-08,5.4878453086259273e-08,4.646078121787633e-08,3.387083125367189e-08,3.341670223313531e-08,3.0914518241759966e-08,2.872396342832248e-08,2.838518727486166e-08,2.6208437958740383e-08,2.56444733743991e-08
6.847845294555515e-09,7.782175214245848e-09,1.165458009219417e-08,1.4524058701298732e-08,1.7102121648053005e-08,2.0121352270330888e-08,2.2426466092688617e-08,4.527490893591856e-08,6.457501469411034e-08,9.48149062357307e-08,1.0165445550926869e-07,2.6924363891799685e-07,2.966052948617045e-07,4.5445889054646956e-07,6.694524284867183e-07,3.9697769255652485e-06,7.863887951798516e-06,3.24230855798718e-05,0.9999405457360608,7.079376463957349e-06,2.090303825027769e-06,1.7666203281180444e-06,4.23710223519053e-07,3.026995990137027e-07,2.5521060351414544e-07,2.4209122519126434e-07,1.6617772758775172e-07,1.5952932625985517e-07,1.1498170634828054e-07,9.019813753592216e-08,7.909338847850385e-08,5.995152858524877e-08,5.034476884856135e-08,3.619969126296722e-08,3.5695621823184787e-08,3.29258513217617e-08,3.0511072632014094e-08,3.013849346466986e-08,2.7750443923719296e-08,2.713348051959933e-08
6.2903471937333395e-09,7.126184839094747e-09,1.0545620774985988e-08,1.3036240331488161e-08,1.5248604622683138e-08,1.781302037175758e-08,1.9752157551250856e-08,3.8475071340742076e-08,5.338309659999936e-08,7.560209210891885e-08,8.046212286667199e-08,1.8968371758839776e-07,2.058636892684237e-07,2.929333411991193e-07,3.9580450103099056e-07,1.4285753986079878e-06,2.1420985360899104e-06,3.5156497726825057e-06,9.331291078668961e-06,0.9999638931713914,9.155220777429556e-06,6.123902717685566e-06,6.841518650294928e-07,4.4816591676285177e-07,3.6421352979177267e-07,3.418571027640093e-07,2.1928670963290964e-07,2.0916995795296767e-07,1.4391087382202098e-07,1.0961339603859573e-07,9.476811937558257e-08,6.991246830777177e-08,5.7840883326460786e-08,4.056433551888331e-08,3.9962044345467786e-08,3.666835497221489e-08,3.381789978554081e-08,3.3379907819960985e-08,3.058484970432594e-08,2.9866299087324614e-08
5.806403285349323e-09,6.559320948280832e-09,9.603474208436915e-09,1.1786112586178072e-08,1.3704943634446287e-08,1.5908770910542445e-08,1.7561340075152393e-08,3.3165058544181444e-08,4.497771851980674e-08,6.187485166520015e-08,6.546846595492752e-08,1.4089576151238339e-07,1.512256374413523e-07,2.0420767996837851e-07,2.617130785506596e-07,6.906194321991965e-07,9.03967044112641e-07,1.2407988653908312e-06,2.253522337804644e-06,1.0730515945368237e-05,0.9994239729899435,0.0005547825841877019,1.200632433076315e-06,7.01631301734913e-07,5.436852782725819e-07,5.034202180130819e-07,2.967065934033688e-07,2.808301007944022e-07,1.8282879997770563e-07,1.346065732394547e-07,1.1454267438376985e-07,8.199680611173193e-08,6.674365641029732e-08,4.5563940613125074e-08,4.4842711825387156e-08,4.0918135741575436e-08,3.754766768239007e-08,3.703200021527433e-08,3.3756175435081015e-08,3.291834982914354e-08
5.717602817587152e-09,6.455610522998439e-09,9.43296035949931e-09,1.1561439828797616e-08,1.3429068837289371e-08,1.5570477545430038e-08,1.7173807426817232e-08,3.22530605109871e-08,4.3567269254037964e-08,5.963709414188652e-08,6.30381868035778e-08,1.3363577971955114e-07,1.4318039889916526e-07,1.9178202818805038e-07,2.438903691500082e-07,6.180280656164999e-07,7.958628858568425e-07,1.0686805976352388e-06,1.8520058394163983e-06,7.117765342370546e-06,0.0005553963107485663,0.9994273635807854,1.372014108070741e-06,7.782227311372833e-07,5.957447952194702e-07,5.497092248416799e-07,3.171759351363028e-07,2.996357508421553e-07,1.9251251495470013e-07,1.4062578729114653e-07,1.1923503283873997e-07,8.478449197553908e-08,6.876650625118142e-08,4.667116186321972e-08,4.5922589721975354e-08,4.185354677714172e-08,3.836471041962836e-08,3.78314232334814e-08,3.444693829918257e-08,3.358227557048892e-08
4.817393343133744e-09,5.409699094543267e-09,7.745904697421903e-09,9.365623870567609e-09,1.0758759043843985e-08,1.2328861481011336e-08,1.3486849667902517e-08,2.3976274750283706e-08,3.1208166277287284e-08,4.083756075922398e-08,4.27867718945687e-08,7.958232300386117e-08,8.403430002477532e-08,1.0546125218233708e-07,1.2648127386709772e-07,2.462375779465923e-07,2.8904121071171106e-07,3.438523562262203e-07,4.598613264899585e-07,8.309983755231146e-07,1.971373079293383e-06,2.56808804119857e-06,0.9999674999821755,1.3916244416104908e-05,4.382903210356642e-06,3.4427293819249907e-06,1.0184047280285339e-06,9.14506888672709e-07,4.286155932971633e-07,2.672474044152419e-07,2.1211825750352072e-07,1.3445268738902717e-07,1.0301386130731964e-07,6.397030412875719e-08,6.274705417532991e-08,5.620196961803098e-08,5.0724120799687766e-08,4.9897968531487324e-08,4.472785458915062e-08,4.3427736677983957e-08
4.511056291266992e-09,5.0557044045437155e-09,7.186410691249248e-09,8.647048728978602e-09,9.89406690946709e-09,1.1290587697347077e-08,1.2314969571570755e-08,2.1468422868300938e-08,2.7599619384023963e-08,3.5589530550442116e-08,3.718277862335492e-08,6.630523836129354e-08,6.969891062440872e-08,8.573390141988703e-08,1.0103578213738623e-07,1.8273646011289428e-07,2.098462110061781e-07,2.431286646955746e-07,3.0895299823887377e-07,4.869494705393877e-07,8.571290683771609e-07,9.921426427879472e-07,1.5664252442185016e-05,0.999908549510385,4.5524955431071654e-05,2.074881517536034e-05,1.996525596824442e-06,1.7290535064322792e-06,6.477761307915762e-07,3.648629771831177e-07,2.787782633830633e-07,1.6595607178714293e-07,1.2350937098262425e-07,7.342021142538013e-08,7.19092968009314e-08,6.388269468086604e-08,5.723901394648274e-08,5.6243116912986877e-08,5.005052341944811e-08,4.8504458252745224e-08
4.343357458864289e-09,4.86240219665605e-09,6.883730159431503e-09,8.260663798171814e-09,9.431345493202077e-09,1.0737745239558619e-08,1.1693144411294963e-08,2.0166874681265523e-08,2.57553908776911e-08,3.2956366623652034e-08,3.438091377347468e-08,5.998787739425318e-08,6.291393803219476e-08,7.661134571697329e-08,8.950078123429788e-08,1.5624184081331217e-07,1.7765207318896853e-07,2.0348998069914296e-07,2.532728174339946e-07,3.802629188316748e-07,6.147248369344573e-07,6.917205089532614e-07,4.655205987224632e-06,4.702465217479436e-05,0.9991825013819111,0.0007542309954842864,3.3777308406019795e-06,2.831209352532467e-06,8.719716707711231e-07,4.5134338577067733e-07,3.3478917755376195e-07,1.9024289673782947e-07,1.387334324826269e-07,8.005504974699547e-08,7.833023567688991e-08,6.921122240974926e-08,6.17177772471282e-08,6.059902429070096e-08,5.367126565432994e-08,5.194981002472473e-08
4.289895143188238e-09,4.800848962703071e-09,6.787773515326131e-09,8.138525650235685e-09,9.285412057860752e-09,1.0563800752484337e-08,1.1497814685645634e-08,1.976229181960062e-08,2.518614674874284e-08,3.2150529690328e-08,3.352484120803926e-08,5.8101138054030706e-08,6.089230872798962e-08,7.392088228368077e-08,8.612894260903917e-08,1.4875900539100333e-07,1.6865002483510572e-07,1.925372708797079e-07,2.3823379262375125e-07,3.5305478105521906e-07,5.588662237960665e-07,6.246672221749612e-07,3.61507999161226e-06,2.1141714942839644e-05,0.0007551201221679997,0.9992073309070953,4.062087643599461e-06,3.3701589512792763e-06,9.733047334202103e-07,4.873071527456502e-07,3.573537969432361e-07,1.995243220580781e-07,1.44424699568312e-07,8.245871487916944e-08,8.065402656100798e-08,7.11287470265967e-08,6.332148515912264e-08,6.21575197117299e-08,5.496032375045248e-08,5.317487554102404e-08
3.900821739748079e-09,4.353952469149381e-09,6.097214617847763e-09,7.264592015930579e-09,8.245956528330025e-09,9.33062879313976e-09,1.0117491196329897e-08,1.69604190492912e-08,2.129594076664534e-08,2.6728540930384668e-08,2.778182587696137e-08,4.595097530180885e-08,4.792777472030515e-08,5.697399994608253e-08,6.520633054926652e-08,1.0488248273882392e-07,1.1666511166231396e-07,1.3038381247032411e-07,1.5548814784334364e-07,2.134139175630437e-07,3.0267201367161374e-07,3.2752283875295616e-07,1.0108967069285872e-06,2.142682818752717e-06,3.965627597512449e-06,4.944897432889158e-06,0.9991554826769902,0.0008247860260031127,3.169731072119497e-06,1.0318089971652287e-06,6.610224307961434e-07,3.0456402987692387e-07,2.048811313254654e-07,1.059030836467663e-07,1.0326032272681368e-07,8.951956300453846e-08,7.851034096322298e-08,7.68895174741911e-08,6.699499315217508e-08,6.457563550620363e-08
3.856499530017634e-09,4.303157322212975e-09,6.019380510563739e-09,7.166632379036645e-09,8.129953671212335e-09,9.193629666950074e-09,9.964620779879958e-09,1.665602645075886e-08,2.0878638109658737e-08,2.6155478326660332e-08,2.7176546929939093e-08,4.472003801094252e-08,4.661963749167144e-08,5.52937961728352e-08,6.316230022547499e-08,1.0082957431481014e-07,1.119347614376901e-07,1.2482301296333538e-07,1.483014143860969e-07,2.0203645778410204e-07,2.8377056863708773e-07,3.062619842712957e-07,8.991855762113335e-07,1.818762656593191e-06,3.2229131245186754e-06,3.967520224656245e-06,0.0008253503085734017,0.9991562420553766,3.852757691176897e-06,1.1553686213576495e-06,7.230143401044055e-07,3.2272215760944164e-07,2.1472606436484876e-07,1.0942801678960555e-07,1.0665103805472865e-07,9.224204274533687e-08,8.073273166654877e-08,7.904114843748211e-08,6.873240402809995e-08,6.621664793256876e-08
3.4950630713604453e-09,3.889930764234974e-09,5.391759878254834e-09,6.381234170574128e-09,7.204096292218499e-09,8.105283434281152e-09,8.75405522232806e-09,1.4293167648309765e-08,1.7678901222614195e-08,2.1822092560560066e-08,2.2611618680533773e-08,3.57704747284425e-08,3.714356569446642e-08,4.331092536019882e-08,4.877225235314197e-08,7.364959265076705e-08,8.060318364198919e-08,8.848922502177645e-08,1.0240919098614776e-07,1.325720750751228e-07,1.7490434864309648e-07,1.857638288855554e-07,4.131218262364574e-07,6.482409175778377e-07,9.039555777506053e-07,1.0256698018752485e-06,4.076032862784857e-06,5.293687158319297e-06,0.9999767085145802,5.761133636346376e-06,2.2859100594120656e-06,6.073753693950874e-07,3.499796942478351e-07,1.5116971027261438e-07,1.4664090999843644e-07,1.2365497335242305e-07,1.0589144100087768e-07,1.0332770942332532e-07,8.79851601137986e-08,8.431697063025805e-08
3.2205462208996413e-09,3.577165249308411e-09,4.922760647614888e-09,5.799236926748415e-09,6.522576527415143e-09,7.309644866335732e-09,7.873212511788485e-09,1.2622357425215319e-08,1.54555421230536e-08,1.8869324425353323e-08,1.9512641791039846e-08,3.000051295640665e-08,3.106564308738563e-08,3.579340885357121e-08,3.990841624038396e-08,5.8009011512072247e-08,6.288271449152835e-08,6.832384589283287e-08,7.772787569064416e-08,9.739041674330296e-08,1.2367439636478017e-07,1.3015768743367848e-07,2.5157146713916343e-07,3.5336829771646013e-07,4.4593829573968565e-07,4.851506624729135e-07,1.087978583307915e-06,1.2417371439577006e-06,7.85645158008633e-06,0.9999560159219142,2.84537393744633e-05,1.286797550292653e-06,5.948510355421364e-07,2.086581897227856e-07,2.0134401309254907e-07,1.6508272639080134e-07,1.3803071893194685e-07,1.342010471594718e-07,1.1171762218685399e-07,1.0645749886661818e-07
3.0675792227226556e-09,3.403315765955102e-09,4.664419923852794e-09,5.480545023750711e-09,6.151141431611415e-09,6.878115629868823e-09,7.397052306342835e-09,1.1737422558208003e-08,1.4291834478018547e-08,1.7343960863612807e-08,1.7915682535532783e-08,2.712721390737588e-08,2.8049195332097178e-08,3.2115987616540016e-08,3.562353187377601e-08,5.0772978375914235e-08,5.477323546623651e-08,5.920358375550605e-08,6.677937033473843e-08,8.233943122618647e-08,1.0265527225547094e-07,1.075759906337143e-07,1.956720893030267e-07,2.6384569535700556e-07,3.220296389062023e-07,3.4566066389631063e-07,6.57698172342989e-07,7.253491370597307e-07,2.438146131279055e-06,3.0239091631022356e-05,0.9999593853340414,2.489899656421584e-06,8.959156434252003e-07,2.6126015657340984e-07,2.510772451521726e-07,2.0148389374028164e-07,1.6544971406704934e-07,1.6042172074082743e-07,1.3131583787357766e-07,1.246139131646343e-07
2.7488903031154427e-09,3.0422000626695484e-09,4.133566501810613e-09,4.830233272248895e-09,5.397391972525987e-09,6.0074039557084365e-09,6.440014687355243e-09,1.0001396744183883e-08,1.2039216426263574e-08,1.4433716127154653e-08,1.487695787897044e-08,2.1858118763488497e-08,2.2537253947330472e-08,2.5497120172996198e-08,2.8005784635062866e-08,3.8474805529579676e-08,4.11388032641921e-08,4.40456818365848e-08,4.89202223940798e-08,5.86132020467609e-08,7.074669742379205e-08,7.359449060131092e-08,1.2106380649703053e-07,1.5376956559803206e-07,1.7957397939351083e-07,1.8954157124458486e-07,3.0217188817328174e-07,3.22582400701364e-07,6.394818714510534e-07,1.5121163237348683e-06,4.050549876745937e-06,0.999983057521351,6.593288469925043e-06,5.188914025049701e-07,4.906831364830531e-07,3.628740330150446e-07,2.791258680711448e-07,2.680578775218796e-07,2.070992710958357e-07,1.938241048364407e-07
2.54556935874352e-09,2.812506027905044e-09,3.79957200369696e-09,4.423985445728038e-09,4.929201696098338e-09,5.4697389460117965e-09,5.851409388147845e-09,8.959678508252821e-09,1.0705444660060514e-08,1.2734914750664317e-08,1.3107775835443821e-08,1.8898012289064603e-08,1.945140686490497e-08,2.1845592193739786e-08,2.3853211572532435e-08,3.205762513484945e-08,3.409851319868838e-08,3.630550557826288e-08,3.996292672396615e-08,4.709465040006178e-08,5.579591169940362e-08,5.7800348554969654e-08,8.981744022652793e-08,1.1046429994465953e-07,1.2610837234395216e-07,1.320138288014322e-07,1.9482373767848178e-07,2.054633154674023e-07,3.488735277359863e-07,6.240353392030837e-07,1.0141277830438001e-06,7.975861784316454e-06,0.9999846761755985,1.0111833578696155e-06,9.36551406872434e-07,6.266941502599495e-07,4.470718332175735e-07,4.247920262296783e-07,3.0845361982914725e-07,2.845758619553732e-07
2.177662253703951e-09,2.3984038784783556e-09,3.2053441091240843e-09,3.7073500159061604e-09,4.1088923422808376e-09,4.5342926552010355e-09,4.832219465881746e-09,7.209172196599996e-09,8.49871801459518e-09,9.969250964103962e-09,1.0235874774497543e-08,1.4277619268920427e-08,1.4652403613361735e-08,1.6254398493279797e-08,1.757460358078396e-08,2.2791025072394864e-08,2.4041721470048396e-08,2.5375010695289765e-08,2.754365777209273e-08,3.1644505259572017e-08,3.645199388093861e-08,3.7528222614512743e-08,5.365712367524828e-08,6.30816481869411e-08,6.982444735016858e-08,7.229017603238172e-08,9.658581552440908e-08,1.0038157231892485e-07,1.4549132182336421e-07,2.1174587876869074e-07,2.7778702520886526e-07,6.124301661266978e-07,1.578301835845461e-06,0.9984620657931852,0.0015163516786577415,9.753874819767816e-06,3.1358841818975246e-06,2.732654611199005e-06,1.2741211529146853e-06,1.0749734342055995e-06
2.1616950105543773e-09,2.3804756557839776e-09,3.179835237397829e-09,3.676753377567488e-09,4.07402158039588e-09,4.4947073917767015e-09,4.789223843013004e-09,7.136750917061169e-09,8.40834699471254e-09,9.857148257792985e-09,1.0119680070249498e-08,1.4095157019025111e-08,1.4463313927249163e-08,1.6036177960364542e-08,1.7331419824414298e-08,2.244198436095445e-08,2.3665411397736975e-08,2.4968860952443632e-08,2.7087338800217865e-08,3.108829379745225e-08,3.57709627617672e-08,3.681800709967435e-08,5.246903329042458e-08,6.157794205105569e-08,6.808001781086684e-08,7.045468573967159e-08,9.37821923114206e-08,9.741488628252135e-08,1.4038495699996808e-07,2.0292566586241806e-07,2.646371522932005e-07,5.696679967258253e-07,1.3888818745309455e-06,0.001516583997008598,0.9984563497446802,1.4389361228721649e-05,3.6260818441989957e-06,3.1334007511671355e-06,1.4057743539656264e-06,1.176886453935023e-06
2.070109539491581e-09,2.2777243217376493e-09,3.034041716629216e-09,3.5021852465910667e-09,3.875343066459207e-09,4.269490168113906e-09,4.5448427240462966e-09,6.727700466337215e-09,7.899528844773321e-09,9.228006157349125e-09,9.467942004584571e-09,1.3079333550426247e-08,1.3411303736916762e-08,1.4825497316584164e-08,1.598526760600414e-08,2.0525413647990812e-08,2.1602981311253363e-08,2.2747263925507227e-08,2.4599167820101142e-08,2.8072450585197348e-08,3.2100786241446055e-08,3.299569568678459e-08,4.6184399615125216e-08,5.3694262708943834e-08,5.89890833101785e-08,6.090957783679851e-08,7.946933269635559e-08,8.230982573549962e-08,1.150850943226628e-07,1.6058934891495022e-07,2.032915065176091e-07,3.922459583098639e-07,7.734999282404681e-07,1.0051044931504729e-05,1.4973842986094873e-05,0.9999478587871601,1.114534499361835e-05,8.551024638296083e-06,2.8412900021920695e-06,2.2551164722752267e-06
1.9850737803963113e-09,2.1824362635055547e-09,2.899403815473302e-09,3.341402268588646e-09,3.69274148113598e-09,4.062952794493108e-09,4.321067519189506e-09,6.356735703104186e-09,7.440323932832374e-09,8.662998127493812e-09,8.883144115500045e-09,1.2178037722125949e-08,1.2478842844196015e-08,1.3756902594430666e-08,1.4801078093041788e-08,1.885966782234102e-08,1.981549006077467e-08,2.0827503161403905e-08,2.2459094823644607e-08,2.550027074361971e-08,2.8999038757427386e-08,2.977181029219358e-08,4.101899932306283e-08,4.730090663191017e-08,5.168192487351495e-08,5.32615060149762e-08,6.831068581527327e-08,7.05793458965696e-08,9.620521743805605e-08,1.303897790636885e-07,1.611916158636056e-07,2.8722803977837557e-07,5.015608955538151e-07,3.1495047818368393e-06,3.663267759889256e-06,1.1750317246673651e-05,0.9981977174026646,0.0017688245884935159,7.742177799351795e-06,5.370291049959652e-06
1.9714897834719914e-09,2.1672246252676026e-09,2.877960390186924e-09,3.3158326793343728e-09,3.6637364205469812e-09,4.0301859056492855e-09,4.285595811552121e-09,6.298249304665228e-09,7.36812224171565e-09,8.57440451015307e-09,8.791491620313669e-09,1.2037660135032344e-08,1.2333692353857626e-08,1.3590945207777048e-08,1.4617507096881022e-08,1.860314785925866e-08,1.9540643239793887e-08,2.0532791300999162e-08,2.2131399488806305e-08,2.5108215489584357e-08,2.8528623478687107e-08,2.928340271516559e-08,4.024746803475509e-08,4.6352902335859224e-08,5.0603701929459664e-08,5.213490130550404e-08,6.669136935470532e-08,6.888059590418081e-08,9.352996312913809e-08,1.2621282518633493e-07,1.5548403249758567e-07,2.739446739087398e-07,4.7094283994177415e-07,2.729211326954599e-06,3.1472926461374715e-06,8.816706516231312e-06,0.0017691234205594844,0.9981980698105145,9.986770479144238e-06,6.411663936148776e-06
1.8808190328469515e-09,2.0657699674629474e-09,2.7353297629611214e-09,3.146043699366488e-09,3.471392617475035e-09,3.813198438081584e-09,4.050918369782013e-09,5.913693137648683e-09,6.894843776653523e-09,7.995478685829088e-09,8.192897287932842e-09,1.1127223715452466e-08,1.139287592751754e-08,1.2517995396445365e-08,1.3433056451458433e-08,1.6959760325755902e-08,1.7782706789237884e-08,1.8651017279795435e-08,2.0044669153148367e-08,2.2623651180560193e-08,2.55629784009456e-08,2.6207817915442567e-08,3.5459700767509145e-08,4.051384475460742e-08,4.3995160480206234e-08,4.524185065333211e-08,5.693132552880756e-08,5.866378336233904e-08,7.778078895718836e-08,1.0219469869020469e-07,1.2326871897083888e-07,2.032583016101489e-07,3.209985580478944e-07,1.238049569582687e-06,1.3715635412765327e-06,2.8381288639224415e-06,7.89646485935736e-06,1.0316022571685639e-05,0.9995893585112393,0.0003856260338575578
1.8562568895806492e-09,2.038311244689676e-09,2.696844728482626e-09,3.1003174577022004e-09,3.4196699353303894e-09,3.7549397874234155e-09,3.987977193834062e-09,5.811270538497178e-09,6.769227609190634e-09,7.84235816319374e-09,8.034670372311768e-09,1.0888450797245308e-08,1.1146304639825495e-08,1.2237590954210523e-08,1.3124202156669904e-08,1.6534614664793314e-08,1.7328745507206218e-08,1.8165993209866954e-08,1.9508423345038935e-08,2.1988564487205793e-08,2.4809265214790587e-08,2.54271416559461e-08,3.426394948916325e-08,3.9067521501666154e-08,4.2367168411199336e-08,4.354704147630503e-08,5.457125228758838e-08,5.619902250498148e-08,7.407062155657818e-08,9.668239147051381e-08,1.1602543778098406e-07,1.8835125081476777e-07,2.9200053701739494e-07,1.0376604340693634e-06,1.140101813853585e-06,2.22959614316603e-06,5.413988151636189e-06,6.487563636972861e-06,0.0003858240278823833,0.999596588987593
