0.9995374143516188,1.4661041583722946e-06,2.2931448727141833e-06,1.7628735325534736e-06,9.305123653042359e-07,6.995693412942468e-06,0.0004490697869525432,3.8794800139737396e-10,4.2277849106637194e-10,5.422874340067994e-10,6.100388313892857e-10,6.609536588691846e-10,7.121137730547801e-10,7.464367545543537e-10,9.926602549863645e-10,1.10391499588904e-09,1.2194381662196403e-09,1.2391548481821363e-09,1.5086290733997512e-09,1.5305424590186763e-09,1.620052777251156e-09,1.6892227834401946e-09,1.8332164432157987e-09,1.9337491522304375e-09,1.9854853435316628e-09,2.03824307547408e-09,2.119361498817299e-09,2.174847616278077e-09,1.1804165192405956e-09,1.2590124137036428e-09,1.59738763594969e-09,1.7843312905733149e-09,1.883003268546917e-09,2.6624943125847334e-09,3.1694377000188393e-09,3.682345044806012e-09,3.776441012748227e-09,4.181216674349767e-09,4.402616439547119e-09,5.677607670152637e-09
1.441675922602625e-06,0.9999528339096756,4.396931388910846e-07,3.8970007789275877e-07,3.711933872365083e-05,6.00967134082659e-06,1.6904848786668287e-06,3.4539733866314663e-10,3.7666507231135223e-10,4.83378878578536e-10,5.434844117166372e-10,5.884717463672958e-10,6.335221446379627e-10,6.636599456721942e-10,8.779859110551068e-10,9.73714631373643e-10,1.072414296008402e-09,1.0891891316808745e-09,1.3164827945782135e-09,1.334803015781964e-09,1.4093883541069004e-09,1.4667549445723263e-09,1.5854328816164451e-09,1.6677019976351522e-09,1.7098524470050654e-09,1.7527057846475023e-09,1.818343365156608e-09,1.863063917836305e-09,1.0391543877178995e-09,1.1060631886657264e-09,1.3905400245681357e-09,1.5452550550654518e-09,1.6262352942252066e-09,2.2502073997809235e-09,2.6417148451703057e-09,3.0269920454294408e-09,3.0965235882089534e-09,3.391711859703107e-09,3.550532537019518e-09,4.4307048610580775e-09
2.2500210107594458e-06,4.5768987901435546e-07,0.9998385132792955,0.0001555519398403411,3.5161899989291856e-07,9.11804381566258e-07,1.8881161282478419e-06,4.2582256827891695e-10,4.6390834767516e-10,5.951949301266009e-10,6.70047116510521e-10,7.264977106865128e-10,7.833910774179613e-10,8.216570797832526e-10,1.0983137099777975e-09,1.2246242606815422e-09,1.356628988452601e-09,1.3792451658154266e-09,1.6908325990277758e-09,1.7163795038133575e-09,1.821056925024138e-09,1.902305492771624e-09,2.0724478998177737e-09,2.192046424011865e-09,2.2538556340014143e-09,2.317068372286297e-09,2.414622980355242e-09,2.481606719174313e-09,1.3119435028117964e-09,1.4020485256553895e-09,1.794501663396098e-09,2.0145317935931506e-09,2.1315929301846777e-09,3.0791390745677567e-09,3.7177240929506596e-09,4.382547607677307e-09,4.506625734270876e-09,5.047996873969962e-09,5.34944776664014e-09,7.16280969930933e-09
1.7530974655339327e-06,4.075034167323206e-07,0.00015552366237160095,0.9998396466560509,3.1757408269632973e-07,7.742327572859566e-07,1.5003166493455263e-06,4.3133644977570955e-10,4.699027717936416e-10,6.029348956937664e-10,6.788445334389858e-10,7.361219948674232e-10,7.938739175049823e-10,8.327316607231073e-10,1.113986767285166e-09,1.2425923115792837e-09,1.3771233385942823e-09,1.4001854089585888e-09,1.7182949896522539e-09,1.7444085496958725e-09,1.851457708432771e-09,1.9346022684280953e-09,2.1088704598144803e-09,2.23149489837275e-09,2.2949086335512462e-09,2.3597909292388606e-09,2.4599786809787196e-09,2.528810456646328e-09,1.331568094706738e-09,1.4234422207344983e-09,1.824293159609238e-09,2.0495262068663287e-09,2.169498888109206e-09,3.1442401375734194e-09,3.804784460295757e-09,4.495582179872279e-09,4.624861686456905e-09,5.1902251612987705e-09,5.505953655029931e-09,7.4191463679958995e-09
9.053924499639524e-07,3.708676518326135e-05,3.344492246499762e-07,3.0080556969092025e-07,0.999957625298475,2.489461132094807e-06,1.026399279426859e-06,3.3524403541316137e-10,3.6567605429807493e-10,4.694029347539838e-10,5.277339720080904e-10,5.713506784433727e-10,6.1499279670629e-10,6.441684532365772e-10,8.512218940085781e-10,9.43448472857307e-10,1.0383787336928612e-09,1.0544970408226637e-09,1.2724563224842727e-09,1.2899880182406672e-09,1.3613084970625628e-09,1.4161047057340488e-09,1.5293028267890655e-09,1.6076455348257393e-09,1.6477438861387677e-09,1.6884830185222155e-09,1.7508281964109192e-09,1.793267765803959e-09,1.006406895258309e-09,1.070706051052048e-09,1.3432935142107672e-09,1.49100477296914e-09,1.5681709656224057e-09,2.1594281702564725e-09,2.5274583542260465e-09,2.8874491369826787e-09,2.952187552129387e-09,3.2262582428568643e-09,3.373204246455323e-09,4.181160610199437e-09
7.00246962177826e-06,5.9424776014246225e-06,8.941909293117186e-07,7.545760665617964e-07,2.511596344620065e-06,0.9999724390695492,1.03899677188242e-05,3.670461877080636e-10,4.0011437984894074e-10,5.132819550537351e-10,5.772351047400308e-10,6.252009650912577e-10,6.733175784881756e-10,7.055535533928691e-10,9.358181176754997e-10,1.0392717707578688e-09,1.1463194001668262e-09,1.1645516787399774e-09,1.412671273089363e-09,1.4327595595252747e-09,1.5146793687907385e-09,1.5778357423963022e-09,1.7089009157892583e-09,1.800081535545217e-09,1.8469010853341552e-09,1.894572980143911e-09,1.967730611690154e-09,2.0176725485441866e-09,1.1102030357778713e-09,1.1829031217816362e-09,1.4939568213095022e-09,1.6644671526477413e-09,1.754089742880731e-09,2.4532617277825438e-09,2.899801704098042e-09,3.3452495033491088e-09,3.426286330897076e-09,3.7725254066044286e-09,3.960303970729116e-09,5.0202458958047346e-09
0.00044913832190520146,1.712509625453836e-06,1.9061721412164073e-06,1.497969156800019e-06,1.0515977922739614e-06,1.0286046230608027e-05,0.9995343403503008,3.845695573539406e-10,4.1911352647792045e-10,5.37589781084663e-10,6.047214198232784e-10,6.55154474761686e-10,7.05816850370741e-10,7.397982202044894e-10,9.834022809362412e-10,1.0933720402702754e-09,1.2074960339446526e-09,1.2269673437576945e-09,1.4929017906873693e-09,1.5145118111855719e-09,1.6027591112501678e-09,1.6709269764586309e-09,1.8127618681404598e-09,1.911729437770237e-09,1.9626416335462087e-09,2.0145461932549454e-09,2.0943275179719734e-09,2.148881252790954e-09,1.16895435652307e-09,1.2465758509095243e-09,1.5804174009531439e-09,1.7646206535903612e-09,1.8617795518032174e-09,2.6277297509856617e-09,3.1243736987037802e-09,3.6256756533481964e-09,3.7175133236333993e-09,4.112122840035556e-09,4.327652669198557e-09,5.564616048591169e-09
1.6221109144511257e-09,1.562341698713046e-09,1.6716251635577463e-09,1.6785607888457206e-09,1.5473669416777864e-09,1.5933657449339523e-09,1.6175323105683184e-09,0.9999843778295883,1.3739138189217964e-05,4.347962297146044e-07,2.519350245372453e-07,1.8701759498749713e-07,1.4669250757822846e-07,1.2786413739360195e-07,6.040149407897483e-08,5.005058975797294e-08,4.277038854911628e-08,4.176419964511476e-08,3.180851034950382e-08,3.125259962672352e-08,2.921774052869756e-08,2.7862580357423444e-08,2.5506172142920976e-08,2.4154190591400548e-08,2.3534464013649413e-08,2.294744725866799e-08,2.212160542666432e-08,2.160714066370914e-08,4.494436447198786e-08,4.080724397452155e-08,2.9699405076596796e-08,2.624169569664856e-08,2.4810117260602868e-08,1.8183076296906852e-08,1.602046689027632e-08,1.4572075032089557e-08,1.4360131294606522e-08,1.3575500791790472e-08,1.3217858601532853e-08,1.1769597485314146e-08
1.637813855046513e-09,1.5770994177684842e-09,1.6881266989065146e-09,1.6951752642857591e-09,1.5618911442029657e-09,1.6086115655128682e-09,1.6331621077560626e-09,1.4032240523612033e-05,0.9999835429163266,6.756578043767604e-07,3.502928708456868e-07,2.4725642455181677e-07,1.8699305893033253e-07,1.599771956224029e-07,6.92732323434251e-08,5.655694710914909e-08,4.778543726893536e-08,4.6584802777879324e-08,3.485875598233021e-08,3.421386161520674e-08,3.186194896139631e-08,3.030334353460588e-08,2.7608037426635798e-08,2.6070570095968142e-08,2.5368091681545753e-08,2.4704000097355122e-08,2.3771896348093182e-08,2.319259940965051e-08,5.038931578337645e-08,4.544578787299657e-08,3.241739247579628e-08,2.8447173414615314e-08,2.6815634938923137e-08,1.9361937449829666e-08,1.6968097813699942e-08,1.537654020602779e-08,1.5144484032426362e-08,1.4287184163106688e-08,1.3897375004948804e-08,1.2325117039147044e-08
1.6908381131497871e-09,1.626911011894463e-09,1.7438657497479051e-09,1.7512982705789936e-09,1.6109091675528641e-09,1.6600820745125228e-09,1.6859377320623148e-09,5.515896470935473e-07,1.2895474802215084e-06,0.9999905039433233,4.072449972334046e-06,1.2844931582751107e-06,6.664461112314081e-07,4.873138663405771e-07,1.2027391454914418e-07,9.142071852288338e-08,7.3297366063643e-08,7.09270967878579e-08,4.909415884077956e-08,4.7972155008287735e-08,4.3944404149380066e-08,4.1330674825537604e-08,3.6914555716248364e-08,3.445582193440009e-08,3.3347288395285196e-08,3.23077852765295e-08,3.086252645898402e-08,2.99728563075287e-08,7.852917482345075e-08,6.870400125026624e-08,4.4886349238429575e-08,3.8274602600396325e-08,3.56417135712866e-08,2.424083839456436e-08,2.080664983369889e-08,1.8587402741519445e-08,1.8268263448137994e-08,1.7098553024520042e-08,1.657161634488071e-08,1.4477727716478553e-08
1.7185497985139334e-09,1.6529446086775331e-09,1.772994428176502e-09,1.7806272649365966e-09,1.6365280622480856e-09,1.6869823728272704e-09,1.7135195989649604e-09,2.487007431941966e-07,4.069871628183763e-07,5.2332946535488955e-06,0.9999803202004615,9.209867123102576e-06,2.0014477560163253e-06,1.1751239003736513e-06,1.661563497840137e-07,1.2064943279908976e-07,9.358817545860164e-08,9.014169109155323e-08,5.944112769337806e-08,5.792651641141592e-08,5.253831487906182e-08,4.9083698007388954e-08,4.332324072619308e-08,4.016013810162455e-08,3.8744833396254345e-08,3.742372409140413e-08,3.559675340729855e-08,3.447820012229775e-08,1.0127249168640508e-07,8.693126499776636e-08,5.3791301695812984e-08,4.5086236236294095e-08,4.1681622820506556e-08,2.737475100855181e-08,2.321847226889539e-08,2.0574712944536963e-08,2.0197429725828948e-08,1.8820571124455903e-08,1.82034579594759e-08,1.5770972555638023e-08
1.738659941529128e-09,1.6718353804727869e-09,1.794133933123525e-09,1.8019122618104874e-09,1.6551174460079343e-09,1.7065029769986633e-09,1.7335354183258634e-09,1.6571241733756653e-07,2.451126942000059e-07,1.2947997138106317e-06,1.0783945182251363e-05,0.9999732190968228,9.390342002680738e-06,3.248931004114362e-06,2.148267283084563e-07,1.5014924541789413e-07,1.1330024894026921e-07,1.0870530444408534e-07,6.884848903726436e-08,6.694687193415307e-08,6.023033293965608e-08,5.596526491497292e-08,4.892730571250268e-08,4.510495247272594e-08,4.340492624699171e-08,4.1823761810965925e-08,3.964635582257329e-08,3.8318936273880824e-08,1.2362683329719194e-07,1.0444880906309133e-07,6.178515532595777e-08,5.1070544454174396e-08,4.693958491626583e-08,2.9983250462197105e-08,2.5195425910086247e-08,2.2186892382758632e-08,2.176007756086796e-08,2.020758292834354e-08,1.9514439436862344e-08,1.6798960128896108e-08
1.7582667254674645e-09,1.6902523417209823e-09,1.8147448536553465e-09,1.822665083115595e-09,1.6732402720539152e-09,1.725534559814376e-09,1.753050177780321e-09,1.2028049476322225e-07,1.675556897868096e-07,6.13769714188657e-07,1.983743242941532e-06,1.104821017555476e-05,0.9999522371906111,3.186875638032943e-05,2.810531006597957e-07,1.8872396077529008e-07,1.382211706324488e-07,1.3205685398841466e-07,8.003363331318362e-08,7.763925320523401e-08,6.924571583475586e-08,6.396927256687192e-08,5.535716828620356e-08,5.0733539226361904e-08,4.869005469323295e-08,4.679660044979235e-08,4.420057756236499e-08,4.2625011009121367e-08,1.5218710268254228e-07,1.2637972093643607e-07,7.117949323184118e-08,5.79659851642624e-08,5.294774730381822e-08,3.2845439637387824e-08,2.7335175935719033e-08,2.39158621888908e-08,2.3433695210461134e-08,2.1685734768514423e-08,2.0908392213286476e-08,1.788189934458161e-08
1.7710950038351949e-09,1.7023016532489898e-09,1.828230348052884e-09,1.836243434529865e-09,1.685096984062804e-09,1.7379862914565074e-09,1.7658182169722503e-09,1.0036008562298781e-07,1.3592300292834308e-07,4.2940794285283367e-07,1.0918462520476447e-06,3.2674021492386442e-06,3.3144211301618224e-05,0.9999596210878052,3.381595813082271e-07,2.2115063828698578e-07,1.5861469192063856e-07,1.5108500645209987e-07,8.870973413192447e-08,8.591112674328364e-08,7.615170158386998e-08,7.005975728098215e-08,6.019164817525727e-08,5.493620501519671e-08,5.262366422878384e-08,5.048650673686747e-08,4.7565307569539353e-08,4.57978900428795e-08,1.7576160635393132e-07,1.4417852013537827e-07,7.839267341086766e-08,6.31699282374061e-08,5.744899686176861e-08,3.491518698568079e-08,2.8864153697967525e-08,2.5141508052049086e-08,2.4618739903490052e-08,2.2727911444923105e-08,2.1889284074001734e-08,1.863789256709531e-08
1.8614451223095507e-09,1.7870960468460612e-09,1.923270086025278e-09,1.9319458929590705e-09,1.7685182495240954e-09,1.8256504539465913e-09,1.8557385824933152e-09,4.4096648218372116e-08,5.4848775369409016e-08,1.1955519490955253e-07,2.0382868988412688e-07,3.3287560903427615e-07,6.486541820872144e-07,1.370200447999249e-06,0.9999868764380248,3.9465214834469195e-06,1.0357026303003008e-06,8.970112124305371e-07,2.5717659572053277e-07,2.422141812729297e-07,1.9479775467783158e-07,1.686022189324528e-07,1.310854522130285e-07,1.1337611928150272e-07,1.0604993599436319e-07,9.95181586371228e-08,9.094406331079018e-08,8.595921496568527e-08,1.4446055866240274e-06,7.873329442775264e-07,2.050534900158017e-07,1.4178256140490982e-07,1.216544012308197e-07,5.817112813296099e-08,4.490779023649334e-08,3.7455643923792274e-08,3.645173746723839e-08,3.2901553765279225e-08,3.1367685426791793e-08,2.5653024970257453e-08
1.896567596480568e-09,1.8200733181455676e-09,1.9601994812837616e-09,1.969130312579409e-09,1.8009646003190514e-09,1.8597364773962373e-09,1.8906952917673074e-09,3.36810485038429e-08,4.089876145235015e-08,8.002164871612078e-08,1.2258816100694727e-07,1.7566916225985434e-07,2.659411287982797e-07,3.712001918747049e-07,5.687853822642006e-06,0.9999688412755205,4.5050610136052976e-06,3.3367401752916113e-06,4.3996262629021654e-07,4.066731557199264e-07,3.071271401471866e-07,2.5598436686847347e-07,1.8763048622109498e-07,1.5744083665292505e-07,1.4535568141633787e-07,1.347795482179301e-07,1.2117983369471928e-07,1.1343243098483677e-07,1.0641008306123815e-05,2.5923012922657432e-06,3.278765955923662e-07,2.064965173978885e-07,1.7138077963177764e-07,7.224982557953403e-08,5.398511664941983e-08,4.4136521337467994e-08,4.283412635356909e-08,3.8272702983816035e-08,3.6324006840948965e-08,2.9184876547197604e-08
1.9307525808341737e-09,1.8521716451932935e-09,1.996140482391255e-09,2.0053190170625696e-09,1.8325462153421873e-09,1.892913569940565e-09,1.9247191040620235e-09,2.6851140747086016e-08,3.204677992286389e-08,5.8297109431426664e-08,8.380773350685997e-08,1.1231583064429966e-07,1.544555672326647e-07,1.9565979637634939e-07,1.0635067323638575e-06,4.689708939376378e-06,0.9998335440202211,6.081527510228682e-05,8.471270406100401e-07,7.617719040390212e-07,5.25461379823331e-07,4.1553744527598607e-07,2.812705292140311e-07,2.2689242283190103e-07,2.0601015967950365e-07,1.8815009021230651e-07,1.6575865126620078e-07,1.5331466175254034e-07,5.0534691598868744e-05,4.338479523264174e-05,5.722515630601788e-07,3.167476703281804e-07,2.5160742206042366e-07,9.077595604020062e-08,6.533415996744026e-08,5.223744589338578e-08,5.0540750496803374e-08,4.466018970603841e-08,4.2178335347954616e-08,3.32476450960647e-08
1.9363883500485986e-09,1.857463310373609e-09,2.002065693463025e-09,2.0112850569481753e-09,1.8377526491317912e-09,1.8983831501176416e-09,1.9303282976520277e-09,2.5944428138155658e-08,3.089046288244877e-08,5.5645332388996036e-08,7.93513460673455e-08,1.0548894050885856e-07,1.4351983945429313e-07,1.8005142189761433e-07,9.00882984352213e-07,3.386618585094892e-06,6.182730123034227e-05,0.9998096687327319,9.610106739422075e-07,8.592206333595715e-07,5.814913553297868e-07,4.548326238711793e-07,3.028810411622379e-07,2.424025088730005e-07,2.1936776595080317e-07,1.9975485179464157e-07,1.7528590864418053e-07,1.6175227166148335e-07,1.9203062861828626e-05,9.858155880466321e-05,6.359194438464531e-07,3.42674577079937e-07,2.6980331698029103e-07,9.445251216278165e-08,6.751424574773242e-08,5.3764029350133394e-08,5.198923134403771e-08,4.584937387643772e-08,4.3263674789958694e-08,3.398859449296923e-08
2.0090124606084e-09,1.925642144739967e-09,2.0784267292023575e-09,2.0881728729657196e-09,1.9048300304443646e-09,1.9688607955280838e-09,2.002609228915686e-09,1.7762111140249657e-08,2.0667761479286814e-08,3.4011780842352326e-08,4.522947165151295e-08,5.629377289645417e-08,7.054589631413423e-08,8.258471350368692e-08,2.425972159014681e-07,4.641769751409798e-07,1.1372825630363672e-06,1.3877274833139618e-06,0.9994216849471571,0.0005389122512343762,8.878175700227796e-06,3.6474843401128525e-06,1.2696670929392024e-06,8.032616721349065e-07,6.65517950998955e-07,5.619935603668496e-07,4.483834877441028e-07,3.925366588896495e-07,8.079036966450102e-07,1.7394347633128762e-06,1.3327278259521893e-05,1.6798660297083496e-06,9.935473014388015e-07,1.7238045251772685e-07,1.0898272045153934e-07,8.114179666248358e-08,7.77655134365476e-08,6.64339979087259e-08,6.182605965238029e-08,4.609802617715112e-08
2.0144286213451687e-09,1.930728017130008e-09,2.0841201342029684e-09,2.093905326176461e-09,1.909833985015102e-09,1.9741175390768375e-09,2.0079999073322858e-09,1.731483820644135e-08,2.0119092070857187e-08,3.293066550740903e-08,4.3618565692813015e-08,5.409501334454713e-08,6.750308031302212e-08,7.87560263559243e-08,2.2532110553961641e-07,4.198832980680839e-07,9.707914111488186e-07,1.1629974337857717e-06,0.0005402032757234176,0.999405313242442,1.3444664209271814e-05,4.757534253019523e-06,1.47381072220329e-06,9.027935123155463e-07,7.397249679080275e-07,6.1898953493976e-07,4.884365318964257e-07,4.2510384964853475e-07,7.078333307733534e-07,1.4225358185325292e-06,2.2627294762249895e-05,1.996923694385947e-06,1.1323446242761071e-06,1.812385298754536e-07,1.1328862146057515e-07,8.384863069775593e-08,8.029770486673089e-08,6.841032641599207e-08,6.359052276525029e-08,4.720629860703444e-08
2.0359927038389656e-09,1.950977246057881e-09,2.1067874961192337e-09,2.116728040394561e-09,1.9297570341417086e-09,1.9950470735085995e-09,2.029462577922427e-09,1.5708707076929813e-08,1.815908800539745e-08,2.914409400681942e-08,3.805828508190212e-08,4.660549569312931e-08,5.730030012567767e-08,6.60773315708542e-08,1.7289627064948926e-07,2.964962888673301e-07,5.837825927352921e-07,6.686683634291527e-07,9.027244748607264e-06,1.404220610166137e-05,0.9992553619983184,2.903722613578485e-05,3.0876367515241007e-06,1.5621073990922502e-06,1.2044920807254438e-06,9.603782005506481e-07,7.159644440706442e-07,6.051130167960629e-07,4.558238073637141e-07,7.735175533138268e-07,0.0006733967461083618,4.89515832143124e-06,2.1218113758837315e-06,2.239811899569902e-07,1.330958211787141e-07,9.600271866834517e-08,9.163263887650784e-08,7.716107055322812e-08,7.136666871017195e-08,5.200624728943505e-08
2.0520323884168107e-09,1.9660397672673724e-09,2.1236465828015655e-09,2.1337024630922687e-09,1.94457705937636e-09,2.010615266205362e-09,2.0454269136719587e-09,1.4666195559125934e-08,1.6895391312242423e-08,2.676360074420815e-08,3.462678912839474e-08,4.205959861341203e-08,5.122778971161862e-08,5.8646784920151193e-08,1.4530625219284953e-07,2.377688838840921e-07,4.320246297382221e-07,4.850906679383491e-07,3.600069137385413e-06,4.767769493744322e-06,3.272545310054578e-05,0.9999054538976707,7.02397853239881e-06,2.6564842106387653e-06,1.898913231388795e-06,1.431581664450717e-06,1.0033115573284206e-06,8.225038084589733e-07,3.4848850209707367e-07,5.482950983055101e-07,1.575266720272713e-05,1.553549539513719e-05,4.027589914496383e-06,2.6573273860732084e-07,1.5113817101246382e-07,1.0669479727293583e-07,1.0156030655795424e-07,8.470740387705068e-08,7.802807315186135e-08,5.601816378744731e-08
2.0838275069464244e-09,1.9958997480430644e-09,2.157063137160648e-09,2.167347137415201e-09,1.9739565718297714e-09,2.041476869802961e-09,2.0770728731373446e-09,1.2909769004163703e-08,1.4782117715171621e-08,2.2890996998186895e-08,2.9153005581424718e-08,3.4932200238467815e-08,4.189429441251669e-08,4.740053889677671e-08,1.0767792676886421e-07,1.6443145550299507e-07,2.681278374969265e-07,2.936895476930693e-07,1.2168843818898286e-06,1.4276665716092234e-06,3.1281189322372965e-06,7.500655789693066e-06,0.9998101267633659,1.6979587259231127e-05,7.773811836823107e-06,4.495351428888385e-06,2.4566232509563694e-06,1.808648892325508e-06,2.2565541215489618e-07,3.2286126672733073e-07,2.496197855212632e-06,7.509323587547357e-05,6.278578819716692e-05,3.888850463461516e-07,1.986440311684437e-07,1.33400388008296e-07,1.2619602933373598e-07,1.0301230187542969e-07,9.403097427069163e-08,6.532239472512359e-08
2.104783215293674e-09,2.0155825530786316e-09,2.179084305105744e-09,2.189518114584484e-09,1.9933231354875224e-09,2.061818711334586e-09,2.0979305151928927e-09,1.1931212517065912e-08,1.3613441752460255e-08,2.0806895619768007e-08,2.6263005971054466e-08,3.1231192358763755e-08,3.713894354729981e-08,4.1753309359843895e-08,9.054368455829003e-08,1.335797553444658e-07,2.0714094956942106e-07,2.2443428579951764e-07,7.48340922182601e-07,8.481829610264297e-07,1.5161087173992561e-06,2.6439152586698958e-06,1.717856084620622e-05,0.9997762491119203,8.260189643951167e-05,1.712600172789236e-05,6.009340869501083e-06,3.8040436825067224e-06,1.7770434207865832e-07,2.4381169017046554e-07,1.2915165527563635e-06,7.447195870153245e-06,7.989981747664649e-05,5.178869498534432e-07,2.4193005458589844e-07,1.5625606686877135e-07,1.471210418555537e-07,1.1815356793300537e-07,1.0712047759128099e-07,7.262967376467743e-08
2.1152151289358488e-09,2.025381249663033e-09,2.190045949230949e-09,2.2005542168657804e-09,2.0029644615818682e-09,2.071945298039269e-09,2.108313656709154e-09,1.148976736981908e-08,1.3088393851621737e-08,1.9884513439614764e-08,2.499708900795803e-08,2.962429353493228e-08,3.509471193455365e-08,3.934384553662613e-08,8.359447273955375e-08,1.2153944582101796e-07,1.84635553442915e-07,1.9918564122595013e-07,6.124271445366172e-07,6.86047200717953e-07,1.1504961363046509e-06,1.8541915068341367e-06,7.738678478361936e-06,8.704958168624839e-05,0.9997524132062958,0.00010561468262442855,1.1627688658140669e-05,6.343299323151324e-06,1.596275329437413e-07,2.1537162395039396e-07,9.992101238222042e-07,4.254938165417769e-06,1.6981086183301424e-05,6.06006055647012e-07,2.6863248418956947e-07,1.697507371688507e-07,1.5941144246976756e-07,1.2688687421354694e-07,1.1461298908499136e-07,7.669941580798706e-08
2.125612244570982e-09,2.0351476820665473e-09,2.200970468325499e-09,2.211552849223676e-09,2.0125741159873245e-09,2.0820383453111166e-09,2.118662206386644e-09,1.1076212895058025e-08,1.2597743953080141e-08,1.9030307552938682e-08,2.3831928453328058e-08,2.815298900193729e-08,3.323384206233648e-08,3.7160057449411506e-08,7.747625028345592e-08,1.1116145759082543e-07,1.6580828097631435e-07,1.781962217556974e-07,5.11279837381253e-07,5.673071223925238e-07,9.047097716758503e-07,1.3763014039275076e-06,4.412440186659365e-06,1.7171056566381156e-05,0.00010930532952521496,0.9998064009785887,3.278901152855811e-05,1.2437774276396507e-05,1.4433432506899807e-07,1.91890029032374e-07,7.975787603620308e-07,2.7619908186216992e-06,7.801024012449867e-06,7.162448966470756e-07,2.9953093920414733e-07,1.8487614120723487e-07,1.7313580389302456e-07,1.3651373299377652e-07,1.2282750773683508e-07,8.107620856782702e-08
2.1411401254966586e-09,2.0497346057369247e-09,2.217284798629074e-09,2.2279776617345584e-09,2.0269270562387666e-09,2.097112633014777e-09,2.1341176463368097e-09,1.0502798699300022e-08,1.1919407764990024e-08,1.786165730966327e-08,2.2249103347620197e-08,2.616618902710892e-08,3.0737611658167316e-08,3.424509892786742e-08,6.957371444065468e-08,9.806773200400859e-08,1.4280843474743527e-07,1.5272567197119457e-07,4.017417189646431e-07,4.407218107812533e-07,6.630337763402008e-07,9.4711531377225e-07,2.378270111530847e-06,6.000424146417304e-06,1.1872426576221731e-05,3.5377305113544277e-05,0.9998335569460388,9.95060975862927e-05,1.254252501412146e-07,1.6359896898172016e-07,5.945532405719871e-07,1.6681663811970284e-06,3.5904476746574986e-06,9.400089419612738e-07,3.5571098212892346e-07,2.111977677049374e-07,1.968990939813896e-07,1.528941907557098e-07,1.367035413107064e-07,8.828239541983413e-08
2.1514637852910945e-09,2.0594330482109998e-09,2.228130768544618e-09,2.238896984689482e-09,2.036469984375506e-09,2.1071349445241564e-09,2.144393182746208e-09,1.0149050967273021e-08,1.1502127053123293e-08,1.7150116476421773e-08,2.1292011556856787e-08,2.4971752954826142e-08,2.9246461905049004e-08,3.2512039376985224e-08,6.502169293164202e-08,9.069006832731388e-08,1.3023047040859292e-07,1.3888157125876165e-07,3.480004041156069e-07,3.794539227952733e-07,5.538338538546509e-07,7.666690161138159e-07,1.7294536693503253e-06,3.7285767479497588e-06,6.321645391505548e-06,1.2685777130794618e-05,0.0001010920702856174,0.9998649181836352,1.1496924058255076e-07,1.4832238407094987e-07,5.00971945583477e-07,1.2716896551721881e-06,2.450634065641124e-06,1.1477356583704045e-06,4.017855364899215e-07,2.3177429527839205e-07,2.1537437000477051e-07,1.653910786693841e-07,1.4720697937066371e-07,9.358878336850181e-08
1.9194435324542974e-09,1.8415528227499384e-09,1.9842507388208876e-09,1.993347377780965e-09,1.822098343511574e-09,1.8819378858376695e-09,1.9134633611050382e-09,2.8842009950296806e-08,3.460179053699563e-08,6.431061772018062e-08,9.414084069864623e-08,1.2851072080118292e-07,1.8122704939365592e-07,2.3503999818292813e-07,1.5830158878324086e-06,1.2660118239962664e-05,4.83938903806767e-05,1.9092833190477413e-05,6.697657322228555e-07,6.085624804117252e-07,4.343395396551381e-07,3.5028088368313764e-07,2.442041900830703e-07,1.9985669418987804e-07,1.8256700178135375e-07,1.6765710984911488e-07,1.4879290572823213e-07,1.3821571158128526e-07,0.9999021666208292,1.0859945024418282e-05,4.694979492713192e-07,2.7268668938306996e-07,2.2013000724951867e-07,8.399315220485801e-08,6.12501963004744e-08,4.935221732741514e-08,4.779983255465583e-08,4.240007604440326e-08,4.011160584601131e-08,3.1826120557994086e-08
1.9420119345825766e-09,1.8627434733500712e-09,2.00797813362448e-09,2.0172382246369726e-09,1.8429477447109818e-09,1.9038408854264993e-09,1.935925365155174e-09,2.5090188553268764e-08,2.9805214778029835e-08,5.3194908011213305e-08,7.528638063025065e-08,9.93421276606042e-08,1.338435372947822e-07,1.6645882957822078e-07,7.746405958192707e-07,2.5772163004174156e-06,4.431743477859793e-05,9.900428251649212e-05,1.0985003457857442e-06,9.759371445841704e-07,6.467550499642052e-07,4.998439230362517e-07,3.2701802432083454e-07,2.5951376987183183e-07,2.3402852184968074e-07,2.1243264071113096e-07,1.856293902602093e-07,1.7087975625879225e-07,1.078828564035881e-05,0.9998355552260251,7.105433317382379e-07,3.718415545015611e-07,2.8999402841515215e-07,9.834257647374454e-08,6.979602325091591e-08,5.535173008798715e-08,5.3494409990888355e-08,4.7081283039452165e-08,4.4386466669221396e-08,3.4751070928141435e-08
2.0306204739604576e-09,1.9459324841168113e-09,2.1011405624256456e-09,2.1110424318757347e-09,1.924793520203339e-09,1.9898328668387536e-09,2.0241156016606078e-09,1.608522241139157e-08,1.8617139820867486e-08,3.0018699566541996e-08,3.9331461932271303e-08,4.830697014049492e-08,5.959656885792201e-08,6.890969104316565e-08,1.8400794399466422e-07,3.213413072764309e-07,6.538579336488484e-07,7.553916855277325e-07,1.3869539074515868e-05,2.4769433139009922e-05,0.0006707180992122914,1.5138029120143364e-05,2.501710366996351e-06,1.3438315526649684e-06,1.0551371324519877e-06,8.532708800437297e-07,6.466001692713668e-07,5.510514899962203e-07,5.036292146176808e-07,8.828601213525781e-07,0.9992586957857406,3.7637324370235754e-06,1.7813430506329633e-06,2.1208650219090733e-07,1.277312885370382e-07,9.275604084738724e-08,8.861011280734868e-08,7.484215600191575e-08,6.931154949473406e-08,5.07503316024854e-08
2.073277002074933e-09,1.985990934349949e-09,2.1459751768904892e-09,2.1561835806749166e-09,1.964207117559428e-09,2.0312358821242846e-09,2.0665718196146133e-09,1.3452740949567648e-08,1.5433286029503288e-08,2.407002317738584e-08,3.080534697587025e-08,3.706765835556898e-08,4.4666710605509125e-08,5.071896358238293e-08,1.1828860619824473e-07,1.8433714958017768e-07,3.099548157465192e-07,3.4183105086110855e-07,1.6397909591354263e-06,1.9744046656885484e-06,5.155291676303339e-06,1.9525554564139175e-05,7.04716687510439e-05,7.5196981280377135e-06,4.3515824494230855e-06,2.856616505678432e-06,1.7464716211039381e-06,1.3463515453275733e-06,2.577778281143359e-07,3.7863351867624675e-07,3.868303042077328e-06,0.9998599581704257,1.6755616627529336e-05,3.404611341560757e-07,1.8083088883406498e-07,1.236078439967819e-07,1.171873155903993e-07,9.638312966952863e-08,8.825935701729115e-08,6.201703966506931e-08
2.0943189553519813e-09,2.005753812383262e-09,2.168088187076521e-09,2.1784472236571827e-09,1.983652300302804e-09,2.051660919382117e-09,2.0875152124967845e-09,1.2403421518593087e-08,1.4176568186711747e-08,2.1805737103156797e-08,2.7642935583351155e-08,3.299270494226058e-08,3.9394069607157095e-08,4.4424023548133654e-08,9.8495559097479e-08,1.476892660050708e-07,2.3443045460634755e-07,2.5527495258995527e-07,9.379866546712873e-07,1.0790243018940874e-06,2.0981472352247824e-06,4.111693185026138e-06,6.7770780281939e-05,7.516511247447138e-05,1.68116018471016e-05,7.826041274983471e-06,3.6551831862007557e-06,2.531673179049046e-06,1.9934175698213605e-07,2.788284072474858e-07,1.7409938220517166e-06,1.6767916322217313e-05,0.9997968569245779,4.467695368632249e-07,2.187753024540751e-07,1.4419402810172325e-07,1.3609592865340286e-07,1.1022116448826991e-07,1.0027946076125603e-07,6.884376397847177e-08
2.2342694392727796e-09,2.137218544544473e-09,2.3151251052651727e-09,2.3264791232687996e-09,2.1130058602578124e-09,2.1875218115345428e-09,2.226812661111309e-09,7.949887147185824e-09,8.930115612064744e-09,1.2895504238598043e-08,1.5681049401269513e-08,1.8081979750219106e-08,2.079473929957868e-08,2.281387613007505e-08,4.161056396897397e-08,5.475619746819169e-08,7.306070573863197e-08,7.680641251068326e-08,1.5274648635988842e-07,1.6223684285547245e-07,2.092540418747865e-07,2.573938782533031e-07,4.118629507662456e-07,5.99323207327181e-07,7.441898900645454e-07,9.485951694400651e-07,1.4600646316079534e-06,2.115686105595912e-06,6.623648745483356e-08,8.079992951096764e-08,1.9589736121368826e-07,3.481871920458546e-07,4.927132507947925e-07,0.9999873194915505,2.002612224359478e-06,6.469255434876128e-07,5.706903565092065e-07,3.719754796252196e-07,3.111731449288592e-07,1.627360627166224e-07
2.3049909878714426e-09,2.2036937891080313e-09,2.389375882030244e-09,2.401224020073495e-09,2.178421599539572e-09,2.2561996862729212e-09,2.2972081704864352e-09,6.623156730676404e-09,7.39578339404893e-09,1.0455667504117599e-08,1.2544316510893816e-08,1.4309476206354134e-08,1.626883528557517e-08,1.770361996709087e-08,3.049986086449111e-08,3.880195500624159e-08,4.970719326284512e-08,5.1856100281886526e-08,9.147112683178624e-08,9.594068374892166e-08,1.1690332300203695e-07,1.366492239420584e-07,1.9148376976630664e-07,2.458590930348443e-07,2.814845440635077e-07,3.249042893514399e-07,4.0991632537417836e-07,4.867035105282805e-07,4.572186443228744e-08,5.411829308193867e-08,1.1113741802774076e-07,1.7027534878821805e-07,2.1628917385415473e-07,3.614672368075352e-06,0.999985060969053,3.374496114249162e-06,2.522394347135535e-06,1.081207336632412e-06,7.960287919389214e-07,2.988830255671108e-07
2.364326703752571e-09,2.2595083095495223e-09,2.4516261972019604e-09,2.4638814139084762e-09,2.2333553377152744e-09,2.3138426804292653e-09,2.3562740505544184e-09,5.763580452707777e-09,6.40927138932387e-09,8.928215567511973e-09,1.0613341094756211e-08,1.2018285234553566e-08,1.3559143650751265e-08,1.4675165416618846e-08,2.434472756660206e-08,3.031401071713664e-08,3.7870675959918915e-08,3.932510107248155e-08,6.467756410571001e-08,6.737052772956147e-08,7.963251111282691e-08,9.068723155901345e-08,1.193021752152127e-07,1.451864022779794e-07,1.6101740662789762e-07,1.7927778453646134e-07,2.1228033900622366e-07,2.3934920427032147e-07,3.514359746169192e-08,4.0844518935606056e-08,7.631845504679733e-08,1.0857725393502168e-07,1.3138937334423762e-07,7.441427475196055e-07,4.403619170549827e-06,0.9998509320787999,0.00013309195699043666,5.412465876040408e-06,2.8613003487102693e-06,5.828172996990507e-07
2.374133825492086e-09,2.2687370829075655e-09,2.4619109672607213e-09,2.4742328051342155e-09,2.2424392466896452e-09,2.3233719568006962e-09,2.3660369034858054e-09,5.639234196802535e-09,6.267097855538351e-09,8.710944483721486e-09,1.0340903018228255e-08,1.1697116845942342e-08,1.3181898835409763e-08,1.425557643477269e-08,2.351915217363814e-08,2.9196751304120112e-08,3.634658164869199e-08,3.771814698060187e-08,6.14437165918681e-08,6.394308884649751e-08,7.52792389046199e-08,8.544103656750456e-08,1.1151265512766066e-07,1.3483320802542064e-07,1.489810888293389e-07,1.6519819048560136e-07,1.94251444665265e-07,2.178355733755237e-07,3.377091829138778e-08,3.914947764085665e-08,7.222251575245976e-08,1.0177970882576124e-07,1.224327345451576e-07,6.3290123645331e-07,3.0005193428667887e-06,0.00013370748606984645,0.9998477658155175,8.479890265781582e-06,3.906172625542476e-06,6.654549502609553e-07
2.4132727578420076e-09,2.3055759125935243e-09,2.5029467110766988e-09,2.5155328822287156e-09,2.2787014267385405e-09,2.361406344053741e-09,2.404999890557153e-09,5.186466684303013e-09,5.750652334172662e-09,7.928205589938659e-09,9.36439727608518e-09,1.0550545513459698e-08,1.1840736724305158e-08,1.2768236448727405e-08,2.0649238699358502e-08,2.5355152956849773e-08,3.117151720476752e-08,3.227423424006591e-08,5.0846243458869523e-08,5.27469533461282e-08,6.125351271813076e-08,6.873204319359681e-08,8.736005385038207e-08,1.0341817588457098e-07,1.1290827225699209e-07,1.235725104100529e-07,1.421612735338974e-07,1.5677728315207412e-07,2.908947005249242e-08,3.342068972680608e-08,5.8977928102980344e-08,8.049771987762828e-08,9.494679196393781e-08,3.7535831752104737e-07,1.1181480829854854e-06,5.637262131440081e-06,9.251807548863847e-06,0.9999210086826507,5.989388565673979e-05,1.2682195561949082e-06
2.4327333532391693e-09,2.323899362605986e-09,2.523343151161675e-09,2.5360595773952937e-09,2.2967394335795904e-09,2.380321178920037e-09,2.4243735859258522e-09,4.983478867808269e-09,5.5197345806372244e-09,7.58144072107071e-09,8.934238349806216e-09,1.0047719689406966e-08,1.1255294207974694e-08,1.2121092818882409e-08,1.9427167057871544e-08,2.3738952894836998e-08,2.9024248372486962e-08,3.002110548016885e-08,4.661707227824458e-08,4.829438510150203e-08,5.575877166335479e-08,6.226742025499217e-08,7.828169864957817e-08,9.187922707761919e-08,9.983090803206949e-08,1.0869658405437655e-07,1.2398645637058694e-07,1.3586270105839782e-07,2.7137599981987625e-08,3.1055803224010625e-08,5.376870719387099e-08,7.241475437089573e-08,8.472902184636175e-08,3.0353462151151425e-07,7.918953877278117e-07,2.8592452628644434e-06,3.979451429593282e-06,6.049834979763805e-05,0.9999283428702354,1.9241927889822938e-06
2.5251912607177354e-09,2.4109956900694795e-09,2.6201981440567916e-09,2.6335252760068015e-09,2.382487095711208e-09,2.4702083856001274e-09,2.5164224447517957e-09,4.1875951589409464e-09,4.618395094853292e-09,6.248582613962517e-09,7.296128048795554e-09,8.146682606260283e-09,9.058332372831252e-09,9.705122156350309e-09,1.501815722887394e-08,1.801474640309056e-08,2.157521634151195e-08,2.2233914023870975e-08,3.275151885781171e-08,3.376726304109138e-08,3.8198864873895836e-08,4.1954389176082726e-08,5.081807743809161e-08,5.797370883127503e-08,6.20168695091191e-08,6.641361524883691e-08,7.374841135080231e-08,7.923571103863568e-08,2.0317545802849082e-08,2.291349433703229e-08,3.7031278536867235e-08,4.763128978995753e-08,5.425095413457835e-08,1.4529879561349803e-07,2.7686647960294574e-07,5.664130187181684e-07,6.570599988676907e-07,1.355176064580013e-06,2.2382400115901194e-06,0.9999938979431271
