0.9999984993487431,2.3176413534903797e-07,1.2277497418215716e-07,8.829517068257705e-08,7.099416947717843e-08,6.06325798532849e-08,5.361228500436478e-08,4.8473145600737375e-08,4.4507871499571634e-08,4.1336671458761514e-08,3.873101361027773e-08,3.654451678372611e-08,3.467812553480219e-08,3.3061895258519496e-08,3.16451234374096e-08,3.039032311165236e-08,2.926920370572941e-08,2.8259951073971917e-08,2.7345403574565775e-08,2.6511824748306065e-08,2.5748056548197108e-08,2.504492796399763e-08,2.439482724113407e-08,2.3791393127275343e-08,2.3229279785854033e-08,2.2703965122697885e-08,2.221158851371989e-08,2.1748824103451147e-08,2.131280525430256e-08,2.0901126667084073e-08,2.051168017797215e-08,2.014231317639154e-08,1.9791103157428334e-08,1.9456604116899063e-08,1.9137797973974993e-08,1.8833906246367078e-08,1.8543704477270603e-08,1.8266283247160194e-08,1.800045851841532e-08,1.774453366269207e-08
1.0354628420198777e-06,0.9999962508818317,7.088633924555243e-07,2.8894992776420133e-07,1.815612867554709e-07,1.349517280745836e-07,1.0877784328737609e-07,9.194575478421172e-08,8.015443715892645e-08,7.141997206949208e-08,6.467949036390725e-08,5.931246950236907e-08,5.493115967713269e-08,5.128033779029692e-08,4.81857891435646e-08,4.552510852385741e-08,4.320990159371498e-08,4.117465429439033e-08,3.9369654040215996e-08,3.775641144765661e-08,3.630461293952172e-08,3.499004079358477e-08,3.379310684447416e-08,3.269782115329333e-08,3.1691021111656226e-08,3.0761777733885796e-08,2.990092523110808e-08,2.9100702789765474e-08,2.8354523262555526e-08,2.7656894292148612e-08,2.700305870245933e-08,2.63883624095608e-08,2.580873552150095e-08,2.5261068000380105e-08,2.4743066077168682e-08,2.4252907095399245e-08,2.3788111110219226e-08,2.3346786243400865e-08,2.2926670994583845e-08,2.252471009211079e-08
1.3820593332019816e-07,2.4424755013369292e-06,0.9999932462592067,1.4114231285062502e-06,4.92793604486001e-07,2.918073428989139e-07,2.0667848384452647e-07,1.6045073755173194e-07,1.3158522701832902e-07,1.1195623351071458e-07,9.778180836351846e-08,8.708038884420576e-08,7.871749232260829e-08,7.199870367572752e-08,6.647776600945207e-08,6.185646610529648e-08,5.792844110545301e-08,5.454631173494711e-08,5.160186362350435e-08,4.901376254883852e-08,4.671962658112834e-08,4.467080980252303e-08,4.282881857383766e-08,4.116283280876203e-08,3.9647919975611804e-08,3.8263705361116516e-08,3.6993350678660954e-08,3.5822793986146144e-08,3.474024696238807e-08,3.373595699371299e-08,3.280157632105698e-08,3.19291716603652e-08,3.11118891470243e-08,3.0344445228772286e-08,2.9622863388742174e-08,2.8943936626922777e-08,2.8303610517892118e-08,2.7698755587232944e-08,2.7125798400096518e-08,2.6580136919409395e-08
6.420132356229053e-08,3.4759770108147476e-07,4.137679313545231e-06,0.9999895055722656,2.3319844406555444e-06,7.594646343194927e-07,4.248583378538392e-07,2.8921695952284196e-07,2.178041549961032e-07,1.7452457053951312e-07,1.4577214997518752e-07,1.2539810086950374e-07,1.1025201852691176e-07,9.8566130065604e-08,8.928048952227046e-08,8.17254369618492e-08,7.545861591878674e-08,7.017634930442781e-08,6.566318107195303e-08,6.176197869792703e-08,5.835541586148581e-08,5.535415897079096e-08,5.268903024987333e-08,5.030567958730953e-08,4.8160899813168273e-08,4.621991870668427e-08,4.445440900370362e-08,4.284103226640872e-08,4.13604600950757e-08,3.999683054961018e-08,3.8736723101121724e-08,3.7567667284739164e-08,3.647901048704443e-08,3.546251458154884e-08,3.451190995062904e-08,3.362210370759678e-08,3.27869779950279e-08,3.20017772114453e-08,3.1261253789491077e-08,3.055889584217722e-08
3.960347736912186e-08,1.5279880516264864e-07,6.012680277714961e-07,6.134711876429833e-06,0.9999842450577162,4.139365138045964e-06,1.1730579241265608e-06,6.026060053082944e-07,3.9008961037901096e-07,2.844808711910829e-07,2.22811620678888e-07,1.8290587406417024e-07,1.5517512937306976e-07,1.3486659935653632e-07,1.1938672529597218e-07,1.0721343833110802e-07,9.739936302521578e-08,8.932534338511536e-08,8.257002431150997e-08,7.683690236219701e-08,7.191137458745632e-08,6.763442161866974e-08,6.388580111567838e-08,6.057304600941426e-08,5.762399130722389e-08,5.49815252569839e-08,5.2599832552655825e-08,5.044169801318591e-08,4.847668315683028e-08,4.668005480867789e-08,4.503111415533708e-08,4.351104349264408e-08,4.2103933438969544e-08,4.0797461280538996e-08,3.9582181144066214e-08,3.845038470544438e-08,3.739320934315008e-08,3.64037341319135e-08,3.5474541653652123e-08,3.45967416910237e-08
2.8092094289266064e-08,9.295226467883943e-08,2.650242119032996e-07,8.656262970869751e-07,9.387561566052838e-06,0.9999780441422588,5.5382181107876e-06,1.5924696980612326e-06,7.901579451041999e-07,4.963223785574948e-07,3.5410545600488216e-07,2.728427720050734e-07,2.2111230200719789e-07,1.8560778035037285e-07,1.598643079328973e-07,1.4040901688662473e-07,1.252255819964133e-07,1.1306844957369719e-07,1.0312869902371759e-07,9.485912101786433e-08,8.787682271547641e-08,8.190626354990563e-08,7.674435168865219e-08,7.223836449572206e-08,6.827143967673335e-08,6.47527116502286e-08,6.161044626594923e-08,5.878721737704011e-08,5.623667915179257e-08,5.3921557565480664e-08,5.181103040649775e-08,4.9877605083389416e-08,4.809828778653001e-08,4.645526823448558e-08,4.493484662228272e-08,4.352582419160286e-08,4.221577431121213e-08,4.09949734023442e-08,3.985325503731891e-08,3.8778791966404045e-08
2.1545910972911765e-08,6.508699587736295e-08,1.5860761756711188e-07,4.087426223228782e-07,1.0862571121851497e-06,1.2260799543912863e-05,0.9999724317590051,6.7442835404606885e-06,1.9624684643260092e-06,9.7276691416196e-07,6.042732965613091e-07,4.2623374510532924e-07,3.2509339455661345e-07,2.6109574292116155e-07,2.1742576907640392e-07,1.859414259363517e-07,1.6227948905013892e-07,1.4391128915796658e-07,1.292778613009256e-07,1.1736943358830342e-07,1.0750495475409468e-07,9.92095846635232e-08,9.214279042034302e-08,8.605455739739846e-08,8.075758933855252e-08,7.61089607185898e-08,7.199773910672234e-08,6.833649633505784e-08,6.505563585790764e-08,6.209981998137726e-08,5.942383492296267e-08,5.69880455411744e-08,5.4759677671963686e-08,5.271340937646826e-08,5.08297306198261e-08,4.9092723766882265e-08,4.748521275670753e-08,4.5993758529694976e-08,4.460461122286539e-08,4.330218203657786e-08
1.7330192320176014e-08,4.922439197570278e-08,1.0848956058490723e-07,2.3637639029399106e-07,5.090295982953049e-07,1.5888444688728462e-06,1.4531312371759624e-05,0.9999669552147297,8.11554796669362e-06,2.3339421106803333e-06,1.1634909099222276e-06,7.189310170870449e-07,5.028869700707995e-07,3.8029994792705507e-07,3.03027687436038e-07,2.505560287846704e-07,2.1292193718307758e-07,1.8478274567158907e-07,1.6304472732892775e-07,1.4580478923809048e-07,1.318336206364571e-07,1.2030492175905833e-07,1.1064446230695218e-07,1.0244196168644518e-07,9.539725891281368e-08,8.928608491547078e-08,8.393758968695683e-08,7.921940338570627e-08,7.502774927226664e-08,7.128112582218578e-08,6.791380613046902e-08,6.486920071721416e-08,6.21010249080843e-08,5.957366902987453e-08,5.72596881848603e-08,5.5136751629725006e-08,5.318140568080997e-08,5.1375326391371533e-08,4.970013353034833e-08,4.8135516995372225e-08
1.442696981500095e-08,3.9201048159844206e-08,8.095395166594696e-08,1.6010464730651108e-07,3.1551045038898944e-07,6.405684640206986e-07,2.2276319528458623e-06,1.656738223566488e-05,0.9999613443278803,9.647506094444211e-06,2.703658386242154e-06,1.3566680935804523e-06,8.373772266063671e-07,5.825667730815801e-07,4.376793533394766e-07,3.465122708649736e-07,2.8481852083593624e-07,2.407480527793244e-07,2.079310577027694e-07,1.8267924136302918e-07,1.627266440336106e-07,1.4661286760197034e-07,1.333586163336842e-07,1.2228537848093047e-07,1.1290972155779947e-07,1.0487875817215346e-07,9.792916891889055e-08,9.186070453429044e-08,8.651892584012856e-08,8.178423199293049e-08,7.756146853937476e-08,7.377018169611092e-08,7.03453551501754e-08,6.723719252662585e-08,6.440740936482126e-08,6.182495154247679e-08,5.945801654590891e-08,5.7281812638355266e-08,5.527193388974575e-08,5.3402043335789617e-08
1.231368244338676e-08,3.232231433798038e-08,6.380826137407566e-08,1.1814674979494435e-07,2.16902219997141e-07,3.837241898344091e-07,8.239384690683656e-07,2.9884345040677007e-06,1.8449054327637684e-05,0.9999554676122553,1.1364353180751627e-05,3.096152674985832e-06,1.5587143992229692e-06,9.618115756221472e-07,6.662662406867072e-07,4.977732248289941e-07,3.918790789559051e-07,3.2042644633913737e-07,2.695629606481023e-07,2.318236653651915e-07,2.0288523790192356e-07,1.800947233706519e-07,1.617453359918397e-07,1.4669535407222998e-07,1.3415564003668753e-07,1.235650729693944e-07,1.14514576158882e-07,1.066994399867179e-07,9.988893509341514e-08,9.39070713717223e-08,8.861595724420699e-08,8.39011328939535e-08,7.967127126180846e-08,7.585687104296663e-08,7.24046748003906e-08,6.927167652408552e-08,6.641488539737382e-08,6.380088871012865e-08,6.13973992846203e-08,5.917034683521156e-08
1.0712288899942837e-08,2.7339978302436523e-08,5.2216174458121924e-08,9.209697217466289e-08,1.5953514140905697e-07,2.677681854657999e-07,4.6817281881682266e-07,1.0477385315746029e-06,3.805266660341918e-06,2.0368715310964502e-05,0.9999491411836107,1.3310464668278679e-05,3.521784981369303e-06,1.7704641314497055e-06,1.0918415747361065e-06,7.536696226703998e-07,5.603916455295971e-07,4.3900948444354784e-07,3.5729854671892326e-07,2.9930712538240176e-07,2.564149004354844e-07,2.2362701864498452e-07,1.978807776877064e-07,1.7720898953261707e-07,1.6029831358321696e-07,1.4624256608434755e-07,1.3439819080118389e-07,1.2429679063882407e-07,1.1559088845361536e-07,1.0802000963707232e-07,1.013833787137536e-07,9.551754703485226e-08,9.029392489573164e-08,8.5615365042181e-08,8.140776913656148e-08,7.761168643038315e-08,7.416903113893874e-08,7.103484982688309e-08,6.816647051490733e-08,6.551988768884317e-08
9.460215659806933e-09,2.3584136518017417e-08,4.3905430773594436e-08,7.462079932331796e-08,1.2351546946783645e-07,1.9983441674206123e-07,3.199105901245278e-07,5.72823955603765e-07,1.3014107161899927e-06,4.593778053729581e-06,2.2542340375209753e-05,0.9999421674635279,1.5575714829653653e-05,3.9691828426380685e-06,1.988528638580483e-06,1.2259679419615345e-06,8.440696094922314e-07,6.251661781176466e-07,4.876870033744809e-07,3.9529406032386395e-07,3.2988139401295824e-07,2.8163152302569155e-07,2.448486325217091e-07,2.160416380877632e-07,1.9297048260738683e-07,1.7414151284079243e-07,1.5852515992404991e-07,1.4539136205771023e-07,1.3421080883907666e-07,1.245943302547044e-07,1.1624745747072195e-07,1.0893529130012802e-07,1.0247582956297478e-07,9.673278464108427e-08,9.160284805416285e-08,8.700373623409848e-08,8.28568583780429e-08,7.910172800383874e-08,7.568194729848534e-08,7.254062410469748e-08
8.456390661856388e-09,2.0663884454605443e-08,3.7683318131039044e-08,6.221568495539972e-08,9.936127468394894e-08,1.555971711836859e-07,2.3880338803805296e-07,3.8068605785905e-07,6.896178583848259e-07,1.5875625145091484e-06,5.29447839399121e-06,2.5117215075022838e-05,0.999934388029922,1.826241637082973e-05,4.417778240782033e-06,2.2077842324195022e-06,1.3622798615208594e-06,9.366198141100737e-07,6.916686122964928e-07,5.376660849827492e-07,4.3425563987466357e-07,3.6117716116908036e-07,3.073941044640865e-07,2.664906119702907e-07,2.3453201727069657e-07,2.0899454444858107e-07,1.881960647220365e-07,1.709785364478507e-07,1.5652354572428426e-07,1.4424247886870396e-07,1.3369892246095405e-07,1.2455231152121956e-07,1.1654312583426962e-07,1.0947904521574901e-07,1.0321535750023548e-07,9.763783121706087e-08,9.263981904643677e-08,8.813974750484649e-08,8.406294599949331e-08,8.03357382329627e-08
7.63493392527391e-09,1.833670974184062e-08,3.286914441823807e-08,5.3023354679793364e-08,8.228412070328121e-08,1.2519846192922178e-07,1.8691844444408604e-07,2.804280187441757e-07,4.492023907303254e-07,8.177723331540598e-07,1.905320874032754e-06,5.89370880349355e-06,2.8142925070286533e-05,0.999925755330519,2.139786421139985e-05,4.859060679290627e-06,2.4257742000336447e-06,1.4997049086401873e-06,1.0308111295246556e-06,7.59642222395868e-07,5.888046980504664e-07,4.7409810678503e-07,3.9313899145303645e-07,3.3366527557543444e-07,2.885272576332579e-07,2.533336644440032e-07,2.252665048982672e-07,2.0244849431639153e-07,1.8359101416045233e-07,1.6778966621904108e-07,1.543889486138655e-07,1.42889430126316e-07,1.329173063406643e-07,1.2419891483040174e-07,1.1653022214305634e-07,1.097517635250344e-07,1.0371810817545555e-07,9.831884704059735e-08,9.345477241148884e-08,8.903016769588109e-08
6.951160976580331e-09,1.644443729099208e-08,2.90471080002107e-08,4.597874281917767e-08,6.969837288057297e-08,1.0345419196225571e-07,1.5099527740089626e-07,2.1881054155913644e-07,3.261411068773179e-07,5.246503780177804e-07,9.60175119233976e-07,2.2479641696220625e-06,6.405878530422586e-06,3.1577156125005095e-05,0.9999163827726227,2.4896107764074567e-05,5.297556058728661e-06,2.643427289980351e-06,1.638276049810015e-06,1.1265754928518555e-06,8.29046849299135e-07,6.410909068819976e-07,5.148232297788605e-07,4.257756819224514e-07,3.6045813961629245e-07,3.109725186436054e-07,2.7245789236954393e-07,2.417932915706231e-07,2.16903857427174e-07,1.9637325669685852e-07,1.792005578926527e-07,1.6464258865493534e-07,1.5215418218472677e-07,1.4134158216155024e-07,1.3191457541777806e-07,1.2364887016213606e-07,1.1634479244252195e-07,1.0985206435768264e-07,1.0403815823548739e-07,9.87781560514682e-08
6.373736504876609e-09,1.487963845847909e-08,2.594900893304617e-08,4.043275697297277e-08,6.011103968485636e-08,8.736098940140538e-08,1.2498710141382676e-07,1.7690806844799003e-07,2.525357554044683e-07,3.76440691653448e-07,6.070892491654692e-07,1.1212961508261982e-06,2.601052524451845e-06,6.850142017310429e-06,3.5314684815404925e-05,0.9999065106247239,2.8602613287220038e-05,5.740648202912898e-06,2.8630996781921148e-06,1.7786261593565498e-06,1.2240819442314382e-06,8.999519965184721e-07,6.945721403631368e-07,5.564755934588488e-07,4.5913201084891246e-07,3.878132957000915e-07,3.338592373459117e-07,2.9192843044303266e-07,2.585937457453768e-07,2.3158675091631014e-07,2.093485239230397e-07,1.9075371379271472e-07,1.7499486117412063e-07,1.6149805055440747e-07,1.4984564174329004e-07,1.397191692522258e-07,1.308419720308054e-07,1.2300800465075103e-07,1.1603903599830773e-07,1.0977100323960437e-07
5.880063433939013e-09,1.3566917735353734e-08,2.3394157849218257e-08,3.596955259172636e-08,5.2609078350304593e-08,7.509610566787432e-08,1.0555253307658818e-07,1.4666359588143493e-07,2.0359941168740136e-07,2.8898488017831865e-07,4.3137827661109735e-07,6.979698063420074e-07,1.3033917214032387e-06,2.944987160289973e-06,7.243752364356506e-06,3.9227365975359036e-05,0.9998963950094536,3.238256253721254e-05,6.191480738342347e-06,3.086911457050074e-06,1.9214199943036857e-06,1.3235105376624502e-06,9.72416328298691e-07,7.492927750778595e-07,5.991031629876171e-07,4.932549119305908e-07,4.1577046574935016e-07,3.572163392978097e-07,3.1176871368648943e-07,2.757006064419619e-07,2.4652877436659874e-07,2.2251401476888172e-07,2.0243893393773437e-07,1.854536623164766e-07,1.7094906999039755e-07,1.5846780440382668e-07,1.4762229574962634e-07,1.3812737202195856e-07,1.2974128377969006e-07,1.222469262910246e-07
5.453454320646896e-09,1.2451903554559078e-08,2.1256448308409066e-08,3.231144086047846e-08,4.660699265982881e-08,6.551182514698151e-08,9.064950617603527e-08,1.2399150369252986e-07,1.6871817652751154e-07,2.318069839866788e-07,3.285429743446595e-07,4.91229330525715e-07,7.994587203476502e-07,1.5030980704313361e-06,3.2623703314446562e-06,7.601741874124726e-06,4.322007620120186e-05,0.9998861922653803,3.61792852233266e-05,6.648474852615559e-06,3.315920077695485e-06,2.067066519264969e-06,1.4249154183443775e-06,1.0464313304572305e-06,8.052582703110674e-07,6.427275062583132e-07,5.281678994407999e-07,4.443460186947098e-07,3.8105897317245763e-07,3.320119733705937e-07,2.931486685761566e-07,2.6171969799042917e-07,2.3585163807023856e-07,2.1426362376506186e-07,1.960533807892611e-07,1.8055487574676927e-07,1.6721847840870467e-07,1.5564520011006314e-07,1.4550380516376912e-07,1.3650426779526195e-07
5.081330692016572e-09,1.1494476193096369e-08,1.9445274090199613e-08,2.9266450542474075e-08,4.171426339981725e-08,5.7860322268783294e-08,7.896323035861541e-08,1.0652437803699889e-07,1.4269038494650662e-07,1.9161851885641475e-07,2.6200053589762816e-07,3.7141196986295834e-07,5.566854027512285e-07,9.127675361256016e-07,1.7116167435134088e-06,3.5443520181723586e-06,7.935580633002762e-06,4.7265634154475245e-05,0.999875927285069,4.0005650530808415e-05,7.107260333600519e-06,3.5502153831333614e-06,2.215551938816989e-06,1.5281832421023114e-06,1.1219093133698913e-06,8.624255515851808e-07,6.873255710034144e-07,5.638513613412787e-07,4.735294775035954e-07,4.054115843355242e-07,3.5269055150800097e-07,3.1091101718828733e-07,2.771253802645611e-07,2.4936445455880824e-07,2.2626823123161308e-07,2.0685188377809545e-07,1.9032483834790804e-07,1.7612177716478836e-07,1.6378369583115472e-07,1.5291907837596832e-07
4.7540407970491594e-09,1.066444592520104e-08,1.789394318960516e-08,2.669793922671342e-08,3.7661703361453176e-08,5.163869063134647e-08,6.961835285809509e-08,9.276924496531264e-08,1.2264075630139874e-07,1.61896940726176e-07,2.1575662926827677e-07,2.9445153139606164e-07,4.1781957120885577e-07,6.285123392126572e-07,1.0367471730755935e-06,1.9184309084506245e-06,3.791287824030116e-06,8.253154778801425e-06,5.1387721148743966e-05,0.9998655727346245,4.387473510487846e-05,7.564919867639833e-06,3.7891023011448838e-06,2.366532259773126e-06,1.6330914560575915e-06,1.1987129848665703e-06,9.206972433402034e-07,7.328175979272707e-07,6.002511638562807e-07,5.033301508860745e-07,4.3030091726250724e-07,3.737505068833585e-07,3.2892838499027944e-07,2.9274129275283615e-07,2.6310008595215176e-07,2.385233863939428e-07,2.1785601809694028e-07,2.0028576603459772e-07,1.8516851494197477e-07,1.7196938048130762e-07
4.464061293895556e-09,9.938703282534709e-09,1.6552351987847782e-08,2.450620422921953e-08,3.4258493314100016e-08,4.649891523834093e-08,6.201627993244667e-08,8.173421945927731e-08,1.0682297221471329e-07,1.3910402400414073e-07,1.8188208277368682e-07,2.41408561428926e-07,3.293280572597436e-07,4.680267119342328e-07,7.069403612270191e-07,1.1678723704240114e-06,2.1152828811619573e-06,4.009393701741518e-06,8.559763170399333e-06,5.559240347159469e-05,0.9998551742239459,4.7741415597537256e-05,8.020371052320718e-06,4.031403336794488e-06,2.519466788877384e-06,1.739351194809467e-06,1.2766339125765524e-06,9.798999945796536e-07,7.790809306570392e-07,6.373545218760743e-07,5.337670872781651e-07,4.5563156346970403e-07,3.9509464478740504e-07,3.4718499079665377e-07,3.08625550227347e-07,2.7714697745419443e-07,2.510318392408368e-07,2.290954291750859e-07,2.104209562808253e-07,1.9426815501383687e-07
4.205445823268673e-09,9.299291294511243e-09,1.5382196648581288e-08,2.261694393715666e-08,3.1366076437357186e-08,4.219395370049486e-08,5.573784058429765e-08,7.273708524631117e-08,9.410285781260077e-08,1.2114894562669449e-07,1.5607806740596712e-07,2.028753352780138e-07,2.6874914774721953e-07,3.6673583095817635e-07,5.221872405391486e-07,7.912350602253164e-07,1.3015247156523445e-06,2.29796687532313e-06,4.207079815187911e-06,8.861126349012436e-06,5.981398577106697e-05,0.9998448632516207,5.1539751451554027e-05,8.475636276756337e-06,4.276082322759131e-06,2.6738034932497582e-06,1.846598796844866e-06,1.3553644756249015e-06,1.0398118935798383e-06,8.260800374293979e-07,6.751799060613438e-07,5.646864285146208e-07,4.812534049270446e-07,4.1669514153160356e-07,3.6575765331652687e-07,3.248941089480042e-07,2.915029360902541e-07,2.638274417436108e-07,2.405428967087478e-07,2.2061003623008132e-07
3.973435531811651e-09,8.732067977756637e-09,1.43537436493798e-08,2.0973759645582167e-08,2.8881720736104305e-08,3.8544432888971715e-08,5.048306792994525e-08,6.52961821636896e-08,8.370837408567057e-08,1.067075761686702e-07,1.3583320746237557e-07,1.737303250475209e-07,2.250421229746855e-07,2.9786541260218154e-07,4.067153059720461e-07,5.801553573899807e-07,8.797563749141372e-07,1.4335045579358505e-06,2.4658442249488926e-06,4.3924439802763305e-06,9.16322411266943e-06,6.395805798943491e-05,0.9998347209907245,5.527977956884794e-05,8.93423770208349e-06,4.522361778817697e-06,2.8288639632328417e-06,1.9542711961845738e-06,1.4345089057255765e-06,1.1003724947967008e-06,8.738495420560897e-07,7.134885462464977e-07,5.958618401808102e-07,5.071275401382358e-07,4.386629578508408e-07,3.8480690220492385e-07,3.415392273544845e-07,3.062082566444862e-07,2.7686831651354813e-07,2.52037484525371e-07
3.764179343743368e-09,8.225762694951865e-09,1.3443605029420355e-08,1.9533160341721584e-08,2.6727868527508486e-08,3.541749214537682e-08,4.603302832357564e-08,5.906411779590607e-08,7.509602113329148e-08,9.489546950651317e-08,1.1958408262407588e-07,1.5098680145225585e-07,1.9219974064762516e-07,2.4847477581479054e-07,3.2877444311433846e-07,4.491995988331224e-07,6.413912728837595e-07,9.70443320375302e-07,1.5609515486778086e-06,2.620595984823754e-06,4.572299198528291e-06,9.471970675518802e-06,6.800448343574224e-05,0.9998246293970462,5.90967336476332e-05,9.399440132587417e-06,4.769502232502093e-06,2.9836779674870767e-06,2.061660097776231e-06,1.513990747864155e-06,1.1616907247057737e-06,9.220426224779884e-07,7.519583534860097e-07,6.272614947688131e-07,5.334355286598031e-07,4.612376699400817e-07,4.0432324849432344e-07,3.586145197736718e-07,3.2120265268723455e-07,2.8993913003747547e-07
3.5745295619235123e-09,7.771296310222148e-09,1.2633165344990052e-08,1.8261138778383003e-08,2.4845026790297023e-08,3.271298669968966e-08,4.222502991812498e-08,5.3785616542897455e-08,6.787328819861233e-08,8.509742354708098e-08,1.063044651700599e-07,1.3280011267199407e-07,1.6671684695459204e-07,2.1157763273806677e-07,2.732032735707525e-07,3.614325868227825e-07,4.939752985209775e-07,7.050535670996891e-07,1.0613926627213932e-06,1.6825776730953065e-06,2.765101841103315e-06,4.7522090772672505e-06,9.79023294489869e-06,7.205949971503625e-05,0.9998143894301715,6.308791357880214e-05,9.870359418548375e-06,5.016210174948576e-06,3.1369908708132735e-06,2.1687349148824088e-06,1.594172559764158e-06,1.2233236732692553e-06,9.70236245263311e-07,7.906129250112832e-07,6.592131930426725e-07,5.605616581413495e-07,4.844194243100504e-07,4.2438866939131376e-07,3.760389254080631e-07,3.36198927029919e-07
3.401889741167445e-09,7.361283092127184e-09,1.1907449310905187e-08,1.7130769266957573e-08,2.318690621530772e-08,3.035423035923815e-08,3.89361789971292e-08,4.926990622533016e-08,6.175075524033275e-08,7.687187256691407e-08,9.529074168717244e-08,1.179729916057713e-07,1.4643339275862522e-07,1.8310530829068953e-07,2.319089535947054e-07,2.9921209082916685e-07,3.9573633931116007e-07,5.406960413808044e-07,7.70224560897624e-07,1.1512888324449515e-06,1.7984916451941396e-06,2.9028677215291105e-06,4.936572962478423e-06,1.0116789682659288e-05,7.618499641068934e-05,0.9998041979971238,6.70060527733678e-05,1.0341916685050351e-05,5.260499617210727e-06,3.2890534907136477e-06,2.2766032343650903e-06,1.6746649323814322e-06,1.284800567915582e-06,1.0186394162097134e-06,8.300846987246914e-07,6.92370581781078e-07,5.885428563901729e-07,5.083478494328231e-07,4.4490024623988583e-07,3.934286746974554e-07
3.244099965095381e-09,6.989659237965353e-09,1.1254288038191225e-08,1.6120484507830666e-08,2.1717012808047305e-08,2.8281638970483187e-08,3.6072204710190234e-08,4.5372163317552936e-08,5.651110117339426e-08,6.989383977605905e-08,8.604308019784536e-08,1.0569416852364448e-07,1.299549888007392e-07,1.6055241589626387e-07,2.0020440210160458e-07,2.532042187635742e-07,3.264528787332766e-07,4.315301062678033e-07,5.889554164771519e-07,8.361468062802941e-07,1.2395684359984034e-06,1.909887736956442e-06,3.03775899994892e-06,5.129735939870851e-06,1.0451506155018574e-05,8.007849538128649e-05,0.9997950573950091,7.015265907760541e-05,1.0811207146731487e-05,5.504037430484956e-06,3.442998649591199e-06,2.3855324478075315e-06,1.755167722933215e-06,1.3467952232150984e-06,1.0684864109582774e-06,8.715223495175438e-07,7.268533164855518e-07,6.176236931536481e-07,5.328957406228489e-07,4.653389646044384e-07
3.0993490231415234e-09,6.65140204436453e-09,1.0663696522890397e-08,1.5212814700199328e-08,2.0406212902297422e-08,2.6448276841807712e-08,3.355972616098891e-08,4.198078201312986e-08,5.198848287408792e-08,6.391902529061169e-08,7.819582582395741e-08,9.53931599301965e-08,1.1634357263682384e-07,1.4230445424228137e-07,1.7520862615791088e-07,2.1804145478278472e-07,2.7544994361046803e-07,3.548528085782272e-07,4.6863070806209165e-07,6.383850591511104e-07,9.023685954501066e-07,1.3263750431716425e-06,2.018672077284539e-06,3.173978318072413e-06,5.33734538451407e-06,1.0806046936689432e-05,8.297608215388169e-05,0.9997884338169655,7.177791531784918e-05,1.1301858665203152e-05,5.7562859487731654e-06,3.60185094621845e-06,2.4961181618860602e-06,1.8374041169069204e-06,1.4117176568604938e-06,1.121833016387246e-06,9.151940155786771e-07,7.630820848038205e-07,6.47639961475786e-07,5.573392067081101e-07
2.9661060481240013e-09,6.342313370347518e-09,1.0127399366737619e-08,1.4393446504244965e-08,1.9230948727001234e-08,2.4816656082044315e-08,3.1340788118161296e-08,3.9008438179992544e-08,4.80542712140606e-08,5.876022857555603e-08,7.147454994736014e-08,8.665541982719838e-08,1.0494403126710227e-07,1.2727845816869845e-07,1.5506555359252592e-07,1.9043440732944763e-07,2.3662109539351844e-07,2.986099394044926e-07,3.843146669184065e-07,5.068438637892016e-07,6.886894584679203e-07,9.687034122593137e-07,1.4122145527150962e-06,2.126790331003544e-06,3.3153224774428627e-06,5.566533343147724e-06,1.121163739825355e-05,8.41380794122914e-05,0.9997841591419193,7.267576036905994e-05,1.1878706807205531e-05,6.0303276719827494e-06,3.7696961675112596e-06,2.6123742185186853e-06,1.926019118290188e-06,1.4832057297132896e-06,1.1791172969760548e-06,9.61761093741118e-07,8.0078632540887e-07,6.775094227220112e-07
2.8430675895659783e-09,6.058855081952232e-09,9.638475527246847e-09,1.3650531338862962e-08,1.8171952070259325e-08,2.3356460767232642e-08,2.9369001480214338e-08,3.6385887638338044e-08,4.460729214290326e-08,5.42716799128795e-08,6.566904135583685e-08,7.917152013082045e-08,9.52838238408377e-08,1.1472181142748505e-07,1.385320911853725e-07,1.6826695330317154e-07,2.0623974356035205e-07,2.559214158558361e-07,3.2261697065839514e-07,4.1470639944873307e-07,5.459527587747118e-07,7.396043937342511e-07,1.0350220625527807e-06,1.4974435670567398e-06,2.235307866611839e-06,3.4632818632103758e-06,5.820299258401252e-06,1.1696905205086114e-05,8.460855091077394e-05,0.9997764421801203,7.746813912591704e-05,1.2620118628690062e-05,6.3469385693394855e-06,3.957173169883332e-06,2.7437316505125645e-06,2.0275620583234845e-06,1.5618080655105296e-06,1.2412899201315596e-06,1.0106594069406058e-06,8.382066904670006e-07
2.7291171452057717e-09,5.798025627854543e-09,9.191095524438623e-09,1.2974183549699618e-08,1.721332565346091e-08,2.2042944926763166e-08,2.7606875331848765e-08,3.405764843884247e-08,4.156713644934734e-08,5.0338539135062706e-08,6.061584167907183e-08,7.270582066701253e-08,8.701332936591221e-08,1.0409606990918971e-07,1.2474874047635996e-07,1.5012594278764337e-07,1.8191771458814238e-07,2.2260818493284901e-07,2.7588757247292803e-07,3.473637070762599e-07,4.4585027093851167e-07,5.856998084543834e-07,7.908225627411044e-07,1.101063724229529e-06,1.5818603605625398e-06,2.343431593269067e-06,3.613405262994892e-06,6.080365593152744e-06,1.2206092697251704e-05,8.941644300443141e-05,0.9997535203359581,9.291235816889342e-05,1.3582653436123166e-05,6.730180824641895e-06,4.181845456993504e-06,2.90093649069755e-06,2.141628410044857e-06,1.6484168353179787e-06,1.3069156110233314e-06,1.0587495445082535e-06
2.6232882587152e-09,5.55724300504551e-09,8.78026835319931e-09,1.2355998969648106e-08,1.634168237048591e-08,2.085546786563956e-08,2.602341812507219e-08,3.1978240068447946e-08,3.886837299726088e-08,4.686809053036168e-08,5.618441985978646e-08,6.707333506194057e-08,7.986480147491734e-08,9.500136805329142e-08,1.1309787386319757e-07,1.3502899107259997e-07,1.6205254878746107e-07,1.9598514456743307e-07,2.394662738739785e-07,2.963874006395253e-07,3.726338825729568e-07,4.774111307798179e-07,6.255837637266255e-07,8.416102455139478e-07,1.1656990228479274e-06,1.6633825957126475e-06,2.446258704156528e-06,3.751794634831962e-06,6.301410122450462e-06,1.268106217452248e-05,0.00010538880857605957,0.9997088673576683,0.00011900244126802815,1.470498004974667e-05,7.175305118827209e-06,4.4428513651095865e-06,3.0709585744509686e-06,2.263833430063026e-06,1.737159791307342e-06,1.3687202516495773e-06
2.524745904746688e-09,5.334299043856923e-09,8.40175806428068e-09,1.1788908687102866e-08,1.5545879320079206e-08,1.9777022540622255e-08,2.4593335267149402e-08,3.011086368326125e-08,3.6458487222473244e-08,4.3786529148091104e-08,5.227190725901588e-08,6.213033747188039e-08,7.363439042860941e-08,8.714093821372248e-08,1.0313391071068885e-07,1.2228728830899217e-07,1.455530831718983e-07,1.7428384747993663e-07,2.1040906030074706e-07,2.567064792599165e-07,3.172467866135158e-07,3.98162268210833e-07,5.089968863558625e-07,6.650390876217328e-07,8.911549251164017e-07,1.2277090701118634e-06,1.7400109916609066e-06,2.540335499860447e-06,3.873291395112504e-06,6.485512167497285e-06,1.3308034952420776e-05,0.00013195609090022894,0.9996658168289185,0.00013318099411740482,1.576959283128959e-05,7.681524016515121e-06,4.7106988586859836e-06,3.2449518615327977e-06,2.3827927688445726e-06,1.8148143964585666e-06
2.432771688829758e-09,5.1273231811000015e-09,8.052017498048495e-09,1.1267062173393396e-08,1.4816801589634126e-08,1.8793843032216887e-08,2.329634722941931e-08,2.842627219594564e-08,3.429607786744323e-08,4.103611663222537e-08,4.8798544221646313e-08,5.776669900014911e-08,6.816836071942333e-08,8.029546736139496e-08,9.453499374799559e-08,1.1141478506145978e-07,1.3166701575166705e-07,1.5631536907856495e-07,1.8679674867312418e-07,2.2514002197390298e-07,2.7424424118991366e-07,3.383393862166324e-07,4.2377671968395836e-07,5.403972021681719e-07,7.038479321794597e-07,9.393041648959468e-07,1.2871460262291699e-06,1.8123303204208554e-06,2.6280934219498683e-06,3.988716702017239e-06,6.68371914604736e-06,1.4312319072928379e-05,0.00014568517908135416,0.9996735565989492,0.00010962140700336393,1.675914969563675e-05,8.217039242359822e-06,4.988761570301865e-06,3.4109387715339767e-06,2.4799036608768514e-06
2.346744335655048e-09,4.934720965223905e-09,7.728054580630554e-09,1.0785576034964748e-08,1.4146921722444188e-08,1.7894670971135334e-08,2.2116007091202367e-08,2.6900930286592193e-08,3.2348057278510813e-08,3.8571018711022366e-08,4.5701463701383784e-08,5.389643496334899e-08,6.334824584546323e-08,7.429882491543303e-08,8.706232577437035e-08,1.0205863112436026e-07,1.1985985932357438e-07,1.412533038370518e-07,1.6732754395531768e-07,1.9959452145159373e-07,2.4017131205439403e-07,2.9206782151896716e-07,3.5966339103649076e-07,4.495209931035854e-07,5.717776909708677e-07,7.42447931778459e-07,9.870507585346586e-07,1.3461260240906832e-06,1.884978262555175e-06,2.7207355530770103e-06,4.1244079574341025e-06,6.968322400990312e-06,1.5774410155883766e-05,0.00012043049368900095,0.9997469206823362,5.93120471601977e-05,1.800270186388255e-05,8.831296956881876e-06,5.265781309070688e-06,3.542796705922714e-06
2.2661203180340078e-09,4.755110174583889e-09,7.427292297757719e-09,1.0340272924757722e-08,1.352985070847977e-08,1.707002280672525e-08,2.1038558002678254e-08,2.5515268869453496e-08,3.058706154364778e-08,3.6353516665102605e-08,4.2929216272845455e-08,5.044966129000809e-08,5.907876010145531e-08,6.901941487929847e-08,8.053022770195473e-08,9.395036058268204e-08,1.097339017775762e-07,1.2849605865716563e-07,1.510752509672204e-07,1.7861915348991967e-07,2.1270819389056214e-07,2.5554301094869986e-07,3.102437786330157e-07,3.8134842944347985e-07,4.756584762931541e-07,6.036621600880167e-07,7.81849900570814e-07,1.0363150674131827e-06,1.4084197769990208e-06,1.9660125818130217e-06,2.8341154354422303e-06,4.307582700085465e-06,7.409464989546405e-06,1.7451217717969652e-05,6.793405395180208e-05,0.9998328172415218,2.3309133803484165e-05,2.037476848574896e-05,9.503092966140634e-06,5.494455287811264e-06
2.1904097272333157e-09,4.5872359307573974e-09,7.147377730142938e-09,9.927325570818477e-09,1.2959738962506615e-08,1.6311238582926188e-08,2.0051479660342703e-08,2.4251543083482096e-08,2.898836799254939e-08,3.434964333549375e-08,4.043563394907317e-08,4.736400119073197e-08,5.52755894839995e-08,6.434232324098725e-08,7.477972336776376e-08,8.686555832632613e-08,1.0096549950502676e-07,1.1756734862541575e-07,1.3732670130288683e-07,1.611287878927691e-07,1.9017503665966253e-07,2.261100066026316e-07,2.7121656449649375e-07,3.2873081169341154e-07,4.0336708090522473e-07,5.022013680321809e-07,6.361349702493641e-07,8.222467934807446e-07,1.0875100608393125e-06,1.4751809714593699e-06,2.0572781104336455e-06,2.9660644951546423e-06,4.532251957109828e-06,7.961308569413169e-06,1.9074321135878432e-05,3.0136298596598416e-05,0.9998635048861078,2.9935093971539098e-05,2.2885569744337245e-05,9.956890624338816e-06
2.1191815539372654e-09,4.430005368290695e-09,6.886276908430468e-09,9.54345054021463e-09,1.243160988552227e-08,1.5611012433470074e-08,1.914429289183862e-08,2.3095012747448134e-08,2.7531579466617546e-08,3.2531565831819574e-08,3.818314435941442e-08,4.4589082230463354e-08,5.187127615405755e-08,6.017674152931875e-08,6.968710250839629e-08,8.063271671838833e-08,9.331206193109545e-08,1.0811742015285389e-07,1.2556867593745415e-07,1.46358745897999e-07,1.7141570884920633e-07,2.019914259376756e-07,2.3979313898008425e-07,2.871896738436934e-07,3.4754567518627667e-07,4.2577734497434787e-07,5.292752996098164e-07,6.694189946092348e-07,8.640359135512274e-07,1.1415514530062848e-06,1.5478781979243703e-06,2.157872576365606e-06,3.113933900612351e-06,4.794916323898525e-06,8.602710614034066e-06,2.1315790692215287e-05,3.538033439464061e-05,0.9998398179712069,5.273821271900629e-05,2.4680215486660173e-05
2.0520495256271344e-09,4.282439743022576e-09,6.6421696146821005e-09,9.185714295615632e-09,1.1941034212740176e-08,1.4962876053489945e-08,1.830777103105038e-08,2.2032767179138288e-08,2.6198925895053225e-08,3.0875155152946804e-08,3.613934312697055e-08,4.208170677006951e-08,4.8808410538330725e-08,5.644615922718438e-08,6.514948957355954e-08,7.511160714344432e-08,8.657917009851788e-08,9.987167830436756e-08,1.1540689151389964e-07,1.3373452510691472e-07,1.5558161181167042e-07,1.8191590091576626e-07,2.1403732993450456e-07,2.5371683713764485e-07,3.034154641465171e-07,3.66639706108755e-07,4.4852615729521384e-07,5.568045213949563e-07,7.033911631754356e-07,9.071135896588624e-07,1.198054157961151e-06,1.6233493307060943e-06,2.260665754080264e-06,3.2665878126018784e-06,5.073873732578976e-06,9.283463744492877e-06,2.3467835329911342e-05,5.678325219233459e-05,0.9997850215630194,0.00010702405365049711
1.988660920346888e-09,4.143638077343227e-09,6.413371847153329e-09,8.851394050966389e-09,1.1483901179445274e-08,1.4360840313310124e-08,1.7533400981661913e-08,2.1052945688730135e-08,2.497415388915186e-08,2.9358442348454855e-08,3.427485727802066e-08,3.98029201507956e-08,4.6035544792247025e-08,5.308260635164287e-08,6.107660489180399e-08,7.018107512309471e-08,8.06019445208686e-08,9.260230659469287e-08,1.0652160932164622e-07,1.2280087893693686e-07,1.4201621337281242e-07,1.649247398859773e-07,1.9252951293819942e-07,2.2617495494862853e-07,2.6769359121420313e-07,3.1963701256765886e-07,3.85647609907424e-07,4.7106460855660364e-07,5.83929926125758e-07,7.367242824716113e-07,9.491134126691155e-07,1.2513566280529518e-06,1.690509164453218e-06,2.3470506050982272e-06,3.391582335896227e-06,5.30224597514801e-06,9.716690834465984e-06,2.480000420453909e-05,0.000109334136744356,0.9998368794766346
